#Study : AFDES
#Date : 20160317 11:57:14
#Version : 5.7.2389.1
#TestRunDate : 20160317 11:53:19.621 (+01:00)

StudyName	ExportDate	Name	Age	Gender	StimulusName	SlideType	EventSource	Timestamp	MediaTime	PostMarker	Annotation	FrameNo	FrameTime	NoOfFaces	FaceRect X	FaceRect Y	FaceRect Width	FaceRect Height	Joy Evidence	Joy Intensity	Anger Evidence	Anger Intensity	Surprise Evidence	Surprise Intensity	Fear Evidence	Fear Intensity	Contempt Evidence	Contempt Intensity	Disgust Evidence	Disgust Intensity	Sadness Evidence	Sadness Intensity	Confusion Evidence	Confusion Intensity	Frustration Evidence	Frustration Intensity	Neutral Evidence	Neutral Intensity	Positive Evidence	Positive Intensity	Negative Evidence	Negative Intensity	AU1 Evidence	AU2 Evidence	AU4 Evidence	AU5 Evidence	AU6 Evidence	AU7 Evidence	AU9 Evidence	AU10 Evidence	AU12 Evidence	AU14 Evidence	AU15 Evidence	AU17 Evidence	AU18 Evidence	AU20 Evidence	AU23 Evidence	AU24 Evidence	AU25 Evidence	AU26 Evidence	AU28 Evidence	AU43 Evidence	Yaw Degrees	Pitch Degrees	Roll Degrees	LEFT_EYE_LATERAL X	LEFT_EYE_LATERAL Y	LEFT_EYE_PUPIL X	LEFT_EYE_PUPIL Y	LEFT_EYE_MEDIAL X	LEFT_EYE_MEDIAL Y	RIGHT_EYE_MEDIAL X	RIGHT_EYE_MEDIAL Y	RIGHT_EYE_PUPIL X	RIGHT_EYE_PUPIL Y	RIGHT_EYE_LATERAL X	RIGHT_EYE_LATERAL Y	NOSE_TIP X	NOSE_TIP Y	7 X	7 Y	LiveMarker	KeyStroke	MarkerText	SceneType	SceneOutput	SceneParent
AFDES	20160317	North Europ M04angerface Forward-10	0	MALE	test	TestImage	Emotient FACET	80	80			0	80	1	208	190	300	300	-5.726308	0	-2.134115	0	-2.2783	0	-1.996565	0	-1.639156	0	-2.498415	0	-1.477345	0	-1.396495	0	-2.182232	0	2.747145	0	-5.726308	0	-1.477345	0	-1.091272	-1.071824	-1.11333	-0.4848155	-1.945992	-1.315161	-4.185389	-1.555482	-3.223607	-2.452047	-1.151842	-1.741501	-1.972185	-1.603222	-2.227835	-1.753527	-2.561632	-2.795273	-4.548694	-3.769691	0.3465264	10.74582	0.4565274	274.6004	276.0911	0	0	332.5499	277.6093	402.1727	275.7917	0	0	457.3469	272.6083	368.0145	349.6966	0	0						
AFDES	20160317	North Europ M04angerface Forward-10	0	MALE	test	TestImage	Emotient FACET	120	120			1	120	1	208	191	299	299	-5.927207	0	-2.281065	0	-2.187213	0	-2.089915	0	-1.718082	0	-2.608935	0	-1.626746	0	-1.505549	0	-2.289911	0	2.855664	0	-5.927207	0	-1.626746	0	-1.127163	-1.091256	-1.14184	-0.5696438	-2.048119	-1.392972	-4.308903	-1.575357	-3.298015	-2.543975	-1.205154	-1.786049	-2.119073	-1.628855	-2.35426	-1.86954	-2.568938	-2.835971	-4.572285	-3.594816	0.6474587	10.76585	0.4818518	274.6854	276.1882	0	0	331.6399	279.0225	402.1022	275.701	0	0	456.2554	272.6391	366.6927	350.2025	0	0						
AFDES	20160317	North Europ M04angerface Forward-10	0	MALE	test	TestImage	Emotient FACET	160	160			2	160	1	209	191	297	297	-5.723992	0	-2.181693	0	-2.107611	0	-1.929325	0	-1.512085	0	-2.700683	0	-1.505802	0	-1.499299	0	-2.202006	0	2.724277	0	-5.723992	0	-1.505802	0	-1.101262	-1.058511	-1.067902	-0.4879359	-2.000419	-1.442229	-4.19433	-1.667379	-3.14365	-2.340768	-1.031153	-1.59395	-1.93749	-1.600359	-2.095182	-1.705276	-2.594993	-2.717752	-4.327299	-3.656132	0.4954802	10.76188	0.3195908	275.4456	275.8607	0	0	331.33	278.2635	402.207	275.9397	0	0	454.7795	271.6941	366.8795	349.9077	0	0						
AFDES	20160317	North Europ M04angerface Forward-10	0	MALE	test	TestImage	Emotient FACET	200	200			3	200	1	210	191	297	297	-5.725262	0	-2.146234	0	-2.123367	0	-1.866114	0	-1.455667	0	-2.722996	0	-1.506371	0	-1.483537	0	-2.215434	0	2.665957	0	-5.725262	0	-1.455667	0	-1.084173	-1.050494	-1.06891	-0.4791728	-2.007049	-1.436147	-4.163654	-1.687899	-3.083197	-2.309042	-1.01963	-1.54605	-1.772547	-1.534627	-2.01195	-1.653473	-2.587771	-2.700197	-4.302459	-3.590538	0.3546619	10.8371	0.4283383	275.7168	276.0402	0	0	331.8218	277.6339	402.2414	275.8617	0	0	454.8926	271.9938	368.0692	349.6988	0	0						
AFDES	20160317	North Europ M04angerface Forward-10	0	MALE	test	TestImage	Emotient FACET	240	240			4	240	1	209	191	297	297	-5.906348	0	-2.192114	0	-2.276182	0	-2.180202	0	-1.571991	0	-2.658982	0	-1.55781	0	-1.359296	0	-2.102987	0	2.723859	0	-5.906348	0	-1.55781	0	-1.050267	-1.059617	-1.116973	-0.6310872	-1.922622	-1.330101	-4.26754	-1.577583	-3.227098	-2.419751	-1.123397	-1.69415	-1.983269	-1.66309	-2.259375	-1.809528	-2.650653	-2.817702	-4.50736	-3.347922	0.3071104	10.9142	0.4238583	275.7217	276.2848	0	0	331.7527	278.9375	403.0208	276.5966	0	0	455.4454	272.8544	367.4518	350.2419	0	0						
AFDES	20160317	North Europ M04angerface Forward-10	0	MALE	test	TestImage	Emotient FACET	280	280			5	280	1	209	191	298	298	-5.731303	0	-2.239786	0	-2.10862	0	-2.016135	0	-1.565902	0	-2.690325	0	-1.564221	0	-1.496112	0	-2.2291	0	2.789141	0	-5.731303	0	-1.564221	0	-1.067858	-1.050556	-1.095742	-0.5302532	-1.964826	-1.394993	-4.262323	-1.668255	-3.186209	-2.393621	-1.128408	-1.706481	-1.980734	-1.624915	-2.176782	-1.811429	-2.608164	-2.712032	-4.40971	-3.635747	0.4829027	10.70261	0.3766622	275.8005	276.2824	0	0	331.722	277.5247	403.1038	276.3512	0	0	455.789	272.7882	367.1082	349.8277	0	0						
AFDES	20160317	North Europ M04angerface Forward-10	0	MALE	test	TestImage	Emotient FACET	320	320			6	320	1	209	190	299	299	-5.766743	0	-2.134951	0	-2.261712	0	-2.055538	0	-1.5976	0	-2.554803	0	-1.551568	0	-1.446872	0	-2.199106	0	2.746718	0	-5.766743	0	-1.551568	0	-1.089543	-1.06979	-1.125723	-0.5018188	-1.958087	-1.367395	-4.194421	-1.584639	-3.220124	-2.418694	-1.10847	-1.679897	-1.928547	-1.546748	-2.165454	-1.782007	-2.586189	-2.777116	-4.484537	-3.776948	0.390902	10.66759	0.3823317	275.8703	276.1366	0	0	331.7966	277.5436	403.0728	276.5963	0	0	457.4164	273.0435	368.5518	349.089	0	0						
AFDES	20160317	North Europ M04angerface Forward-10	0	MALE	test	TestImage	Emotient FACET	360	360			7	360	1	209	191	298	298	-5.720926	0	-2.138407	0	-2.192232	0	-2.082611	0	-1.547023	0	-2.65593	0	-1.488567	0	-1.504261	0	-2.169337	0	2.705954	0	-5.720926	0	-1.488567	0	-1.051222	-1.072806	-1.108561	-0.5393355	-1.988512	-1.377317	-4.246695	-1.652897	-3.184942	-2.363145	-1.030455	-1.579083	-1.843036	-1.615183	-2.08428	-1.742305	-2.641778	-2.665007	-4.358107	-3.832957	0.8508074	10.61338	0.2979886	276.0958	276.1182	0	0	332.7216	277.2796	403.1618	276.1803	0	0	456.9277	273.8848	367.1068	349.3394	0	0						
AFDES	20160317	North Europ M04angerface Forward-10	0	MALE	test	TestImage	Emotient FACET	400	400			8	400	1	209	191	298	298	-5.711697	0	-2.193707	0	-2.165772	0	-2.011929	0	-1.55856	0	-2.657199	0	-1.489893	0	-1.543599	0	-2.196578	0	2.724879	0	-5.711697	0	-1.489893	0	-1.02617	-1.037505	-1.096982	-0.5105556	-1.97867	-1.375691	-4.30368	-1.624426	-3.202863	-2.353561	-1.056018	-1.612357	-1.951993	-1.568348	-2.123016	-1.744902	-2.622864	-2.704489	-4.344209	-3.769464	0.7756643	10.7388	0.3336338	276.3194	276.2038	0	0	332.63	277.3192	403.1161	276.1175	0	0	456.8262	274.1398	367.9552	349.9057	0	0						
AFDES	20160317	North Europ M04angerface Forward-10	0	MALE	test	TestImage	Emotient FACET	440	440			9	440	1	210	191	297	297	-5.741079	0	-2.179844	0	-2.172585	0	-1.93296	0	-1.535321	0	-2.659062	0	-1.387702	0	-1.482884	0	-2.173918	0	2.654292	0	-5.741079	0	-1.387702	0	-0.9631385	-1.005648	-1.04433	-0.5093243	-1.898461	-1.358876	-4.222851	-1.609662	-3.142984	-2.301172	-0.912399	-1.537907	-1.903301	-1.533133	-2.060026	-1.683633	-2.653263	-2.719984	-4.362473	-3.59144	0.5513579	10.72386	0.4145612	276.1936	276.3658	0	0	333.1489	278.0004	403.1291	275.9678	0	0	456.541	274.1147	368.1228	349.4218	0	0						
AFDES	20160317	North Europ M04angerface Forward-10	0	MALE	test	TestImage	Emotient FACET	480	480			10	480	1	209	191	298	298	-5.872274	0	-2.159409	0	-2.235123	0	-2.038177	0	-1.627882	0	-2.602098	0	-1.455612	0	-1.333303	0	-2.097713	0	2.665477	0	-5.872274	0	-1.455612	0	-0.9848498	-1.010793	-1.078466	-0.5621065	-1.888906	-1.287435	-4.271005	-1.567222	-3.23717	-2.434461	-1.057661	-1.699218	-2.049254	-1.556323	-2.28189	-1.805135	-2.679912	-2.851021	-4.57674	-3.268147	0.1451035	10.86279	0.3667125	276.0414	276.1858	0	0	332.5971	278.3651	402.6722	276.0253	0	0	456.3428	273.8994	368.4429	350.8386	0	0						
AFDES	20160317	North Europ M04angerface Forward-10	0	MALE	test	TestImage	Emotient FACET	520	520			11	520	1	207	190	301	301	-5.766132	0	-2.039233	0	-2.320474	0	-2.146439	0	-1.719993	0	-2.513953	0	-1.539754	0	-1.386783	0	-2.12566	0	2.763439	0	-5.766132	0	-1.539754	0	-1.15451	-1.123709	-1.124	-0.5450964	-2.03999	-1.356186	-4.155191	-1.550245	-3.293297	-2.499419	-1.203089	-1.773775	-1.960793	-1.624766	-2.216774	-1.793877	-2.552754	-2.75754	-4.573904	-3.811177	0.7333374	10.608	0.2743126	274.5201	275.6486	0	0	333.5826	278.2002	402.6597	275.5705	0	0	458.0416	273.8422	366.7943	350.1727	0	0						
AFDES	20160317	North Europ M04angerface Forward-10	0	MALE	test	TestImage	Emotient FACET	560	560			12	560	1	210	191	297	297	-5.690219	0	-2.266267	0	-2.115445	0	-1.95124	0	-1.513528	0	-2.66769	0	-1.478786	0	-1.599841	0	-2.286398	0	2.726033	0	-5.690219	0	-1.478786	0	-1.048129	-1.040857	-1.086074	-0.4883687	-1.932693	-1.374135	-4.301232	-1.647423	-3.104306	-2.309339	-0.9938589	-1.591713	-1.928461	-1.600495	-2.076948	-1.694252	-2.639966	-2.683488	-4.356051	-3.794624	0.03179488	11.14112	0.4365414	276.2002	276.2122	0	0	333.6035	277.2129	403.2663	275.4573	0	0	456.269	272.9659	367.7367	349.9107	0	0						
AFDES	20160317	North Europ M04angerface Forward-10	0	MALE	test	TestImage	Emotient FACET	600	600			13	600	1	209	191	297	297	-5.871044	0	-2.307745	0	-2.21708	0	-1.958215	0	-1.611396	0	-2.842264	0	-1.445007	0	-1.614783	0	-2.320423	0	2.76125	0	-5.871044	0	-1.445007	0	-1.052568	-1.054439	-1.096716	-0.4766223	-2.021947	-1.399178	-4.460555	-1.739192	-3.21405	-2.380475	-1.010426	-1.617607	-1.993605	-1.560554	-2.157112	-1.784671	-2.682393	-2.715132	-4.422135	-3.89643	0.3695154	10.73636	0.3933844	276.4357	276.1462	0	0	332.6914	277.2737	402.9532	275.7192	0	0	456.7685	273.7541	367.3033	349.5115	0	0						
AFDES	20160317	North Europ M04angerface Forward-10	0	MALE	test	TestImage	Emotient FACET	640	640			14	640	1	210	191	297	297	-5.818679	0	-2.334461	0	-2.312961	0	-2.042498	0	-1.542574	0	-2.793578	0	-1.440137	0	-1.63542	0	-2.327597	0	2.751895	0	-5.818679	0	-1.440137	0	-1.062289	-1.066003	-1.119247	-0.5267755	-2.000786	-1.397806	-4.422788	-1.677303	-3.197637	-2.330557	-0.9780518	-1.539617	-1.898216	-1.586018	-2.049465	-1.654628	-2.695714	-2.733543	-4.424143	-3.951454	0.3326498	10.7555	0.2887009	276.5284	276.0827	0	0	333.6562	277.2978	402.9706	275.8737	0	0	456.7933	273.8256	369.2866	350.2064	0	0						
AFDES	20160317	North Europ M04angerface Forward-10	0	MALE	test	TestImage	Emotient FACET	680	680			15	680	1	210	191	297	297	-5.710133	0	-2.278503	0	-2.132029	0	-1.95349	0	-1.527198	0	-2.767064	0	-1.422882	0	-1.531956	0	-2.260307	0	2.741689	0	-5.710133	0	-1.422882	0	-1.049904	-1.049991	-1.084964	-0.4996843	-1.965199	-1.378123	-4.338029	-1.696845	-3.145388	-2.332765	-1.044429	-1.621154	-1.948214	-1.594575	-2.113001	-1.720756	-2.652319	-2.707546	-4.380174	-3.698172	0.5148395	10.74529	0.3668376	276.291	276.3846	0	0	332.119	277.9542	403.1053	276.0176	0	0	456.6094	273.6127	368.2037	349.4033	0	0						
AFDES	20160317	North Europ M04angerface Forward-10	0	MALE	test	TestImage	Emotient FACET	720	720			16	720	1	209	191	298	298	-5.76649	0	-2.32479	0	-2.188194	0	-1.937617	0	-1.618263	0	-2.722028	0	-1.411954	0	-1.585129	0	-2.306079	0	2.732851	0	-5.76649	0	-1.411954	0	-1.034715	-1.054307	-1.093821	-0.4992996	-2.008768	-1.386351	-4.419476	-1.633677	-3.203878	-2.371874	-0.9935274	-1.623174	-2.057903	-1.504986	-2.181444	-1.790124	-2.615389	-2.693698	-4.391758	-3.78995	0.6319939	10.59701	0.5144424	276.3536	276.3245	0	0	332.7506	277.4799	403.013	275.9502	0	0	456.7397	274.402	367.6727	350.2562	0	0						
AFDES	20160317	North Europ M04angerface Forward-10	0	MALE	test	TestImage	Emotient FACET	760	760			17	760	1	209	191	298	298	-5.748646	0	-2.354994	0	-2.268013	0	-1.936892	0	-1.608164	0	-2.83042	0	-1.368276	0	-1.545621	0	-2.290275	0	2.736635	0	-5.748646	0	-1.368276	0	-1.013404	-1.063784	-1.064738	-0.5259472	-1.998626	-1.4098	-4.455158	-1.691062	-3.181458	-2.35834	-1.01735	-1.637042	-2.010883	-1.509909	-2.151259	-1.799047	-2.617017	-2.670755	-4.386135	-3.930742	0.6849372	10.64361	0.4403079	276.5239	276.2325	0	0	333.1331	276.6631	403.0485	275.9164	0	0	456.5096	273.6161	366.6406	350.4628	0	0						
AFDES	20160317	North Europ M04angerface Forward-10	0	MALE	test	TestImage	Emotient FACET	800	800			18	800	1	209	191	298	298	-5.871545	0	-2.388414	0	-2.262354	0	-1.997662	0	-1.661628	0	-2.902601	0	-1.430321	0	-1.54223	0	-2.290173	0	2.789842	0	-5.871545	0	-1.430321	0	-1.035466	-1.07994	-1.095339	-0.5279911	-2.028402	-1.416408	-4.560552	-1.713464	-3.238605	-2.386394	-1.065811	-1.711661	-2.08158	-1.519997	-2.219259	-1.844529	-2.649802	-2.721595	-4.489803	-3.919294	0.7751654	10.63605	0.4026074	276.2787	276.13	0	0	332.6307	277.2218	403.0344	275.9042	0	0	456.5349	274.0937	366.5964	350.3555	0	0						
AFDES	20160317	North Europ M04angerface Forward-10	0	MALE	test	TestImage	Emotient FACET	840	840			19	840	1	209	191	298	298	-5.792369	0	-2.312492	0	-2.213826	0	-1.959074	0	-1.559045	0	-2.815757	0	-1.3963	0	-1.495653	0	-2.225583	0	2.734107	0	-5.792369	0	-1.3963	0	-1.004813	-1.041108	-1.056021	-0.5324249	-2.001331	-1.406212	-4.384482	-1.653818	-3.180913	-2.347579	-1.014411	-1.631502	-2.038814	-1.551986	-2.168812	-1.744289	-2.668593	-2.759731	-4.404961	-3.597152	0.9086936	10.56698	0.4149658	275.9911	276.8904	0	0	332.6175	277.1357	402.4186	275.8208	0	0	456.5125	273.7484	367.543	350.0554	0	0						
AFDES	20160317	North Europ M04angerface Forward-10	0	MALE	test	TestImage	Emotient FACET	880	880			20	880	1	209	191	298	298	-5.799603	0	-2.338407	0	-2.33993	0	-2.062446	0	-1.612857	0	-2.911286	0	-1.440399	0	-1.529877	0	-2.222027	0	2.783507	0	-5.799603	0	-1.440399	0	-1.032783	-1.085335	-1.098747	-0.5579181	-2.020747	-1.41649	-4.492469	-1.744426	-3.239819	-2.382853	-1.082192	-1.687004	-2.052982	-1.561991	-2.171198	-1.771558	-2.69979	-2.759058	-4.451166	-3.926178	0.7411076	10.72602	0.4994875	275.9459	276.4947	0	0	332.5665	276.2256	402.9062	275.8607	0	0	456.4713	273.623	367.2348	350.3395	0	0						
AFDES	20160317	North Europ M04angerface Forward-10	0	MALE	test	TestImage	Emotient FACET	920	920			21	920	1	207	190	300	300	-5.97169	0	-2.26376	0	-2.34574	0	-2.141259	0	-1.838699	0	-2.720751	0	-1.417474	0	-1.469883	0	-2.273304	0	2.825429	0	-5.97169	0	-1.417474	0	-1.090937	-1.095249	-1.081032	-0.5926533	-2.043954	-1.380097	-4.418577	-1.598366	-3.347644	-2.599807	-1.14756	-1.766655	-2.048602	-1.621704	-2.289835	-1.861957	-2.57701	-2.753197	-4.704144	-3.925258	0.760347	10.88692	0.4319869	274.466	275.6299	0	0	332.5222	277.2946	402.9417	275.9752	0	0	456.4699	273.8518	366.6837	350.8484	0	0						
AFDES	20160317	North Europ M04angerface Forward-10	0	MALE	test	TestImage	Emotient FACET	960	960			22	960	1	208	191	299	299	-5.923182	0	-2.178116	0	-2.184526	0	-1.948123	0	-1.722471	0	-2.718975	0	-1.468125	0	-1.411682	0	-2.176363	0	2.754361	0	-5.923182	0	-1.468125	0	-1.035805	-1.065798	-1.05985	-0.5128016	-1.986869	-1.364965	-4.352511	-1.64983	-3.301536	-2.477297	-1.155481	-1.792824	-2.139999	-1.591693	-2.267269	-1.894363	-2.595597	-2.762134	-4.534492	-3.625059	0.7094843	10.76007	0.4320079	275.4886	276.119	0	0	332.0494	277.9987	402.1006	276.0206	0	0	456.5351	273.8036	366.1572	350.7018	0	0						
AFDES	20160317	North Europ M04angerface Forward-10	0	MALE	test	TestImage	Emotient FACET	1000	1000			23	1000	1	209	191	296	296	-5.602091	0	-2.193179	0	-2.040243	0	-1.815365	0	-1.511197	0	-2.694778	0	-1.345145	0	-1.492644	0	-2.225811	0	2.639264	0	-5.602091	0	-1.345145	0	-1.027639	-1.052946	-1.041357	-0.4928766	-1.933646	-1.364006	-4.230768	-1.667526	-3.037359	-2.295786	-0.9767101	-1.569391	-1.866545	-1.531782	-2.088739	-1.785674	-2.545108	-2.584808	-4.23667	-3.557	0.519659	10.76016	0.5136359	275.9201	276.6522	0	0	331.7232	277.326	402.0709	275.7491	0	0	455.4174	273.8626	367.1015	349.0948	0	0						
AFDES	20160317	North Europ M04angerface Forward-10	0	MALE	test	TestImage	Emotient FACET	1040	1040			24	1040	1	209	191	298	298	-5.683258	0	-2.158258	0	-2.130231	0	-1.87147	0	-1.520169	0	-2.643167	0	-1.415712	0	-1.450089	0	-2.149536	0	2.690566	0	-5.683258	0	-1.415712	0	-1.02425	-1.01987	-1.041216	-0.4680183	-1.919535	-1.343625	-4.229868	-1.655112	-3.157911	-2.347513	-1.097422	-1.677077	-2.056758	-1.569844	-2.164651	-1.775905	-2.600348	-2.682141	-4.287093	-3.606519	0.4812388	10.83747	0.3299009	274.7772	276.2695	0	0	332.7089	278.304	401.2028	275.8238	0	0	455.722	273.0206	366.8839	350.0204	0	0						
AFDES	20160317	North Europ M04angerface Forward-10	0	MALE	test	TestImage	Emotient FACET	1080	1080			25	1080	1	208	191	297	297	-5.654589	0	-2.19364	0	-2.082521	0	-1.868368	0	-1.503201	0	-2.738016	0	-1.407281	0	-1.410936	0	-2.121003	0	2.714739	0	-5.654589	0	-1.407281	0	-0.9890701	-0.9990224	-1.035702	-0.484173	-1.906744	-1.32938	-4.311139	-1.712991	-3.140786	-2.334809	-1.160191	-1.735483	-2.05224	-1.64262	-2.180797	-1.795388	-2.650647	-2.699136	-4.292742	-3.535015	0.19737	11.09284	0.4305252	274.7953	276.3614	0	0	332.1201	279.0037	401.0911	275.9167	0	0	455.5186	273.3537	366.4951	349.7804	0	0						
AFDES	20160317	North Europ M04angerface Forward-10	0	MALE	test	TestImage	Emotient FACET	1120	1120			26	1120	1	209	191	297	297	-5.567992	0	-2.115649	0	-2.016783	0	-1.837787	0	-1.476854	0	-2.67723	0	-1.383534	0	-1.479582	0	-2.119462	0	2.649639	0	-5.567992	0	-1.383534	0	-1.006632	-0.9846735	-1.048656	-0.4504347	-1.917802	-1.342952	-4.204223	-1.721001	-3.077402	-2.30937	-1.048381	-1.618556	-1.955089	-1.639373	-2.098755	-1.694732	-2.649273	-2.682736	-4.206169	-3.533279	0.26203	11.10224	0.4160271	275.3724	276.6611	0	0	332.7095	278.2819	401.1302	275.8791	0	0	455.5992	273.0229	366.3907	350.2155	0	0						
AFDES	20160317	North Europ M04angerface Forward-10	0	MALE	test	TestImage	Emotient FACET	1160	1160			27	1160	1	208	191	299	299	-5.449766	0	-2.001405	0	-2.201994	0	-1.979109	0	-1.514066	0	-2.664778	0	-1.532778	0	-1.411023	0	-1.900279	0	2.682413	0	-5.449766	0	-1.514066	0	-1.029251	-1.052899	-1.071738	-0.5277603	-2.000781	-1.368654	-4.293429	-1.613733	-3.200705	-2.30685	-1.212321	-1.714177	-2.133789	-1.630691	-2.157081	-1.739517	-2.616697	-2.710603	-4.146969	-3.697791	0.5775602	11.13193	0.3595469	275.1308	276.6879	0	0	332.4376	278.335	401.3914	276.0795	0	0	456.9051	274.7025	365.9149	350.5363	0	0						
AFDES	20160317	North Europ M04angerface Forward-10	0	MALE	test	TestImage	Emotient FACET	1200	1200			28	1200	1	208	191	298	298	-5.230391	0	-1.860352	0	-2.300715	0	-2.005161	0	-1.324981	0	-2.686941	0	-1.616781	0	-1.364222	0	-1.657485	0	2.619362	0	-5.230391	0	-1.324981	0	-1.021946	-1.046666	-1.114022	-0.5283575	-1.997851	-1.374947	-4.245971	-1.664907	-3.175006	-2.178373	-1.26995	-1.67401	-2.284091	-1.634321	-2.14488	-1.676684	-2.704688	-2.728179	-3.880137	-3.669441	0.4331855	11.09272	0.2509269	275.2855	276.9123	0	0	332.8959	278.0699	402.1545	276.64	0	0	456.3319	274.2051	365.9844	350.6786	0	0						
AFDES	20160317	North Europ M04angerface Forward-10	0	MALE	test	TestImage	Emotient FACET	1240	1240			29	1240	1	209	192	298	298	-4.953472	0	-1.833882	0	-2.298056	0	-1.959158	0	-1.177425	0	-2.640608	0	-1.570835	0	-1.388062	0	-1.543886	0	2.543073	0	-4.953472	0	-1.177425	0	-1.012439	-1.030378	-1.097828	-0.5291479	-1.954997	-1.379774	-4.203732	-1.589637	-3.09321	-2.055179	-1.254648	-1.57386	-2.338216	-1.572899	-2.103226	-1.581381	-2.699148	-2.668919	-3.602038	-3.559368	0.5618044	11.11448	0.1956328	275.3377	276.7841	0	0	333.0322	279.0514	402.7958	276.8096	0	0	456.1491	274.1686	366.0955	350.352	0	0						
AFDES	20160317	North Europ M04angerface Forward-10	0	MALE	test	TestImage	Emotient FACET	1280	1280			30	1280	1	210	191	296	296	-4.861844	0	-1.552435	0	-2.323706	0	-2.025501	0	-0.8349799	0	-2.553852	0	-1.670951	0	-1.416101	0	-1.402977	0	2.373296	0	-4.861844	0	-0.8349799	0	-1.099856	-1.043643	-1.111011	-0.4801842	-1.896258	-1.393881	-3.886374	-1.654	-2.966647	-1.90887	-1.176537	-1.326673	-1.819438	-1.603633	-1.792629	-1.263579	-2.742481	-2.592977	-3.235983	-3.643593	0.9299597	11.31317	0.09369587	275.6694	276.9589	0	0	332.2504	277.8609	402.626	276.5631	0	0	455.4519	272.1881	368.9478	349.1957	0	0						
AFDES	20160317	North Europ M04angerface Forward-10	0	MALE	test	TestImage	Emotient FACET	1320	1320			31	1320	1	210	192	297	297	-4.924595	0	-1.538586	0	-2.61349	0	-2.079005	0	-0.8714753	0	-2.813616	0	-1.598145	0	-1.460771	0	-1.313139	0	2.385042	0	-4.924595	0	-0.8714753	0	-1.057882	-1.041975	-1.145109	-0.5131131	-2.094996	-1.488213	-4.162461	-1.741375	-3.085993	-1.877279	-1.199393	-1.289195	-2.032035	-1.496574	-1.862043	-1.254371	-2.856405	-2.669543	-3.271589	-3.766194	0.8555484	11.255	0.2213331	275.8569	276.9276	0	0	332.6628	278.3491	403.2725	277.416	0	0	456.3144	273.2138	368.4675	349.2663	0	0						
AFDES	20160317	North Europ M04angerface Forward-10	0	MALE	test	TestImage	Emotient FACET	1360	1360			32	1360	1	209	192	297	297	-4.962334	0	-1.388035	0	-2.616677	0	-2.070205	0	-1.011771	0	-2.852134	0	-1.553489	0	-1.306589	0	-1.085606	0	2.349539	0	-4.962334	0	-1.011771	0	-1.01292	-1.033275	-1.124673	-0.5410697	-2.048193	-1.411799	-4.19488	-1.782217	-3.164826	-1.938918	-1.221105	-1.36059	-2.298139	-1.551525	-1.941087	-1.381589	-2.882899	-2.721694	-3.35995	-3.635939	0.4015745	11.20198	0.2957548	275.7184	277.0583	0	0	332.6191	278.1694	402.2406	276.8407	0	0	455.937	274.0703	367.0822	351.0256	0	0						
AFDES	20160317	North Europ M04angerface Forward-10	0	MALE	test	TestImage	Emotient FACET	1400	1400			33	1400	1	209	192	297	297	-5.128451	0	-1.376785	0	-2.658471	0	-2.178922	0	-0.9709668	0	-2.940514	0	-1.640111	0	-1.334611	0	-1.003558	0	2.355328	0	-5.128451	0	-0.9709668	0	-0.9960743	-1.013141	-1.134982	-0.5870554	-2.095456	-1.475248	-4.285786	-1.773654	-3.204867	-1.940716	-1.294428	-1.340978	-2.352319	-1.621078	-2.060868	-1.379725	-3.013115	-2.826118	-3.386451	-3.46315	0.3972225	10.85418	0.3632562	275.1892	277.1769	0	0	332.4138	280.5216	401.5386	276.7287	0	0	455.4738	273.691	366.2039	351.3439	0	0						
AFDES	20160317	North Europ M04angerface Forward-10	0	MALE	test	TestImage	Emotient FACET	1440	1440			34	1440	1	209	192	297	297	-5.165265	0	-1.16584	0	-2.589275	0	-2.159564	0	-0.9951295	0	-2.83067	0	-1.637499	0	-1.237481	0	-0.8673072	0	2.271651	0	-5.165265	0	-0.9951295	0	-0.9763013	-0.9954882	-1.101202	-0.5874802	-2.017443	-1.39293	-4.082362	-1.748147	-3.229326	-1.965791	-1.259354	-1.296624	-2.266672	-1.639812	-1.981607	-1.353347	-2.946362	-2.764143	-3.370832	-3.33793	0.2117464	10.9647	0.414264	274.7616	276.8252	0	0	332.3037	280.4639	402.2065	277.6888	0	0	455.6149	273.9005	367.2144	350.1985	0	0						
AFDES	20160317	North Europ M04angerface Forward-10	0	MALE	test	TestImage	Emotient FACET	1480	1480			35	1480	1	209	193	296	296	-5.182167	0	-1.026345	0	-2.570913	0	-2.168776	0	-0.9837718	0	-2.947889	0	-1.596242	0	-1.222845	0	-0.6960778	0	2.15569	0	-5.182167	0	-0.9837718	0	-1.001479	-1.023156	-1.091239	-0.5897315	-2.069921	-1.407923	-4.078878	-1.82556	-3.204565	-1.866224	-1.131805	-1.141629	-2.22061	-1.598591	-1.885929	-1.233487	-2.985174	-2.694953	-3.179179	-3.333068	0.1359564	10.81907	0.3517887	275.2505	277.489	0	0	332.3102	280.5235	402.2231	277.674	0	0	455.748	273.996	366.109	349.5734	0	0						
AFDES	20160317	North Europ M04angerface Forward-10	0	MALE	test	TestImage	Emotient FACET	1520	1520			36	1520	1	208	192	298	298	-5.444665	0	-0.6953492	0	-2.926862	0	-2.502762	0	-1.121375	0	-2.954236	0	-1.531699	0	-0.8398671	0	-0.3705145	0	2.084244	0	-5.444665	0	-0.6953492	0	-1.093336	-1.162099	-1.056088	-0.7295832	-2.054342	-1.338838	-3.934156	-1.892264	-3.303099	-2.00899	-1.238906	-1.138013	-2.065946	-1.80609	-1.884955	-1.3332	-2.990312	-2.680035	-3.406126	-3.480905	-0.001439869	10.57417	0.2984076	274.1561	277.0299	0	0	333.3354	279.99	401.4199	277.2787	0	0	456.3267	275.5044	366.1749	350.4026	0	0						
AFDES	20160317	North Europ M04angerface Forward-10	0	MALE	test	TestImage	Emotient FACET	1560	1560			37	1560	1	209	193	297	297	-6.024431	0	-0.01310651	0	-3.730146	0	-3.04963	0	-1.226055	0	-2.855714	0	-1.328616	0	-0.03837756	0	0.342317	0	1.574635	0	-6.024431	0	-0.01310651	0	-1.057631	-1.361757	-0.7234554	-0.9045216	-1.864258	-1.020869	-3.407648	-1.756585	-3.304964	-2.047995	-1.187138	-0.9968535	-1.829181	-1.972654	-1.796934	-1.234959	-3.119671	-2.808033	-3.594759	-3.178689	-0.7869732	10.6145	0.3501288	275.7085	277.9215	0	0	333.3469	279.0165	402.8482	278.1944	0	0	456.1102	275.6088	365.8223	351.8652	0	0						
AFDES	20160317	North Europ M04angerface Forward-10	0	MALE	test	TestImage	Emotient FACET	1600	1600			38	1600	1	209	193	297	297	-6.184944	0	0.8850322	0	-3.82033	0	-2.884488	0	-1.433114	0	-2.709184	0	-1.057457	0	0.8904163	0	1.251918	0	0.8577008	0	-6.184944	0	0.8850322	0	-0.8443341	-1.416864	-0.1078952	-0.6846685	-1.616921	-0.579474	-2.836919	-1.77814	-3.250628	-1.993947	-1.200873	-0.9962865	-1.751678	-2.109592	-1.716953	-1.163504	-3.086249	-2.813005	-3.485193	-2.685872	-1.683329	9.997763	0.1605787	275.2082	278.4661	0	0	332.651	279.5042	403.1017	279.9807	0	0	456.4845	276.3607	365.2842	349.7133	0	0						
AFDES	20160317	North Europ M04angerface Forward-10	0	MALE	test	TestImage	Emotient FACET	1640	1640			39	1640	1	209	195	296	296	-6.912971	0	1.553683	0	-4.630685	0	-3.123777	0	-1.782862	0	-2.641066	0	-0.8945165	0	1.65254	0	1.882905	0	0.07091558	0	-6.912971	0	1.553683	0	-0.5978318	-1.626513	0.5753713	-0.6230395	-1.464138	-0.1096438	-2.46381	-1.833737	-3.379331	-2.006294	-1.263333	-1.019357	-1.803185	-2.245682	-1.713017	-1.176351	-3.286515	-3.166114	-3.795363	-2.416516	-2.078186	9.915218	0.1130627	275.762	278.7721	0	0	332.3256	280.3692	402.5669	281.3274	0	0	456.1335	277.4825	364.8891	351.1669	0	0						
AFDES	20160317	North Europ M04angerface Forward-10	0	MALE	test	TestImage	Emotient FACET	1680	1680			40	1680	1	209	195	296	296	-7.280604	0	1.733805	0	-4.863475	0	-3.193043	0	-1.967312	0	-2.561506	0	-0.7925127	0	1.858523	0	1.971286	0	-0.2719044	0	-7.280604	0	1.733805	0	-0.4701234	-1.667159	0.8706315	-0.4942984	-1.427034	0.05675855	-2.277406	-1.76221	-3.413373	-2.047956	-1.185174	-0.9980462	-1.763891	-2.305067	-1.643661	-1.080427	-3.350685	-3.380198	-3.952734	-2.372996	-2.089972	9.779943	-0.1491089	275.9577	279.3305	0	0	332.9554	281.3595	402.9412	279.6348	0	0	456.4792	277.9099	364.5279	351.608	0	0						
AFDES	20160317	North Europ M04angerface Forward-10	0	MALE	test	TestImage	Emotient FACET	1720	1720			41	1720	1	210	196	294	294	-7.050967	0	1.837834	0	-4.702074	0	-3.217282	0	-1.922773	0	-2.615941	0	-0.8513554	0	1.910791	0	2.186769	0	-0.3076456	0	-7.050967	0	1.837834	0	-0.3945642	-1.653208	0.8893877	-0.684031	-1.410012	0.02950117	-2.271188	-1.889384	-3.392949	-1.9415	-1.178813	-0.9543049	-1.578727	-2.298743	-1.606067	-1.030843	-3.369801	-3.288623	-3.680705	-2.32994	-2.125745	9.526117	-0.0828156	276.9753	279.0684	0	0	332.4132	281.4026	402.9633	281.1629	0	0	456.119	278.222	365.61	350.9351	0	0						
AFDES	20160317	North Europ M04angerface Forward-10	0	MALE	test	TestImage	Emotient FACET	1760	1760			42	1760	1	210	196	294	294	-7.441651	0	2.010102	0	-5.052581	0	-3.233145	0	-2.059696	0	-2.673489	0	-0.8202137	0	2.095285	0	2.320092	0	-0.5967811	0	-7.441651	0	2.010102	0	-0.3565629	-1.775934	1.110364	-0.5995936	-1.417565	0.1566222	-2.270291	-1.895308	-3.459879	-1.975056	-1.167571	-0.9380553	-1.634926	-2.307735	-1.614527	-1.027512	-3.424361	-3.467609	-3.836388	-2.362411	-1.949534	9.278225	-0.1899603	276.9308	279.1152	0	0	332.5046	281.504	403.0852	280.3815	0	0	455.8941	278.8268	365.5344	351.4139	0	0						
AFDES	20160317	North Europ M04angerface Forward-10	0	MALE	test	TestImage	Emotient FACET	1800	1800			43	1800	1	210	196	293	293	-7.755182	0	2.343341	0	-5.41333	0	-3.379022	0	-2.249346	0	-2.664972	0	-0.7821057	0	2.368171	0	2.662334	0	-1.146375	0	-7.755182	0	2.343341	0	-0.226092	-1.916417	1.454522	-0.6493323	-1.353786	0.3701942	-2.078751	-1.903567	-3.45243	-1.925958	-1.052437	-0.7317361	-1.444528	-2.318012	-1.416799	-0.8670064	-3.467299	-3.56194	-3.754351	-2.186684	-2.148111	9.007444	-0.1587907	277.1253	279.4326	0	0	332.544	281.1233	402.9465	280.3856	0	0	456.0142	278.8673	365.0992	350.5065	0	0						
AFDES	20160317	North Europ M04angerface Forward-10	0	MALE	test	TestImage	Emotient FACET	1840	1840			44	1840	1	210	196	293	293	-8.077683	0	2.463699	0	-5.856929	0	-3.534814	0	-2.452155	0	-2.624252	0	-0.7642339	0	2.523519	0	2.804571	0	-1.596214	0	-8.077683	0	2.463699	0	-0.04752018	-2.029903	1.809433	-0.6458359	-1.292209	0.4997564	-1.940241	-1.812192	-3.458716	-1.927995	-1.017456	-0.6351185	-1.411331	-2.281083	-1.318716	-0.7919696	-3.505296	-3.734275	-3.826968	-2.176941	-2.102719	8.743888	-0.4141899	277.4284	279.5345	0	0	331.395	280.6616	402.7797	280.4567	0	0	456.1639	278.8412	365.6791	350.1502	0	0						
AFDES	20160317	North Europ M04angerface Forward-10	0	MALE	test	TestImage	Emotient FACET	1880	1880			45	1880	1	209	195	295	295	-8.682635	0	2.753864	0	-6.46031	0	-3.755378	0	-2.801099	0	-2.696793	0	-0.7580209	0	2.754404	0	3.046483	0	-2.25374	0	-8.682635	0	2.753864	0	0.07902863	-2.235354	2.241149	-0.5149154	-1.24497	0.7600741	-1.930181	-1.744244	-3.558949	-2.046201	-0.87999	-0.3688658	-1.492024	-2.292601	-1.197775	-0.7176153	-3.62469	-3.966489	-3.955161	-2.091801	-2.272389	8.726491	-0.3810982	276.4866	280.0399	0	0	330.8367	279.7563	403.0409	280.1107	0	0	455.1057	278.4326	365.351	351.7621	0	0						
AFDES	20160317	North Europ M04angerface Forward-10	0	MALE	test	TestImage	Emotient FACET	1920	1920			46	1920	1	210	195	294	294	-9.046206	0	3.072921	0	-6.740713	0	-3.971475	0	-3.081766	0	-2.81553	0	-1.059338	0	3.031446	0	3.411259	0	-2.713114	0	-9.046206	0	3.072921	0	0.1569684	-2.477485	2.700615	-0.5166951	-1.218768	0.97685	-1.850841	-1.844216	-3.627117	-2.00026	-1.082379	-0.4363077	-1.351138	-2.300452	-1.085464	-0.6378464	-3.628765	-4.091384	-3.89421	-2.026559	-2.325387	8.609407	-0.3970289	276.8712	280.0062	0	0	330.8515	279.6166	403.0491	280.0795	0	0	455.0255	278.2481	365.3569	351.0397	0	0						
AFDES	20160317	North Europ M04angerface Forward-10	0	MALE	test	TestImage	Emotient FACET	1960	1960			47	1960	1	209	195	295	295	-9.650818	0	2.988842	0	-7.15441	0	-4.188621	0	-3.256366	0	-2.95982	0	-0.8385399	0	2.99645	0	3.29004	0	-2.780513	0	-9.650818	0	2.988842	0	0.2459649	-2.45642	2.725301	-0.5975451	-1.434518	0.8896626	-1.985849	-1.794024	-3.789455	-2.135998	-0.8303599	-0.2325056	-1.40425	-2.415906	-0.9882218	-0.5654777	-3.853652	-4.273579	-4.111241	-2.240955	-2.328142	8.498092	-0.1739846	276.421	280.2563	0	0	332.0906	279.9557	402.9389	281.3581	0	0	456.462	279.1467	365.972	351.5613	0	0						
AFDES	20160317	North Europ M04angerface Forward-10	0	MALE	test	TestImage	Emotient FACET	2000	2000			48	2000	1	209	195	296	296	-10.26016	0	3.078832	0	-7.619212	0	-4.301751	0	-3.561358	0	-3.075282	0	-0.632341	0	3.022067	0	3.292548	0	-3.255901	0	-10.26016	0	3.078832	0	0.504871	-2.549126	3.134379	-0.5895182	-1.48351	0.9881237	-1.973911	-1.715403	-3.932993	-2.171663	-0.5791461	-0.03422654	-1.328388	-2.312523	-0.8707041	-0.4846925	-3.905915	-4.457356	-4.20583	-2.279009	-2.226838	8.422791	-0.4344814	276.5273	280.6486	0	0	331.6838	280.6809	403.4521	280.7144	0	0	456.7117	279.5211	366.2213	351.9837	0	0						
AFDES	20160317	North Europ M04angerface Forward-10	0	MALE	test	TestImage	Emotient FACET	2040	2040			49	2040	1	210	196	294	294	-9.881606	0	3.196777	0	-7.3236	0	-4.32646	0	-3.388374	0	-2.989718	0	-0.9669398	0	3.155718	0	3.499358	0	-3.160242	0	-9.881606	0	3.196777	0	0.3709234	-2.664316	3.098868	-0.6420433	-1.432996	1.008574	-1.879539	-1.82321	-3.839792	-2.097853	-0.9102076	-0.2354337	-1.236656	-2.363531	-0.9116284	-0.5142352	-3.781097	-4.34703	-3.999985	-2.14919	-2.51109	8.434665	-0.1899853	276.8671	280.4597	0	0	332.3472	280.6928	403.1224	280.9838	0	0	456.5001	278.4741	365.5772	350.9307	0	0						
AFDES	20160317	North Europ M04angerface Forward-10	0	MALE	test	TestImage	Emotient FACET	2080	2080			50	2080	1	209	195	296	296	-10.34166	0	3.129798	0	-7.726677	0	-4.330847	0	-3.653254	0	-3.142212	0	-0.681506	0	3.050978	0	3.355651	0	-3.318929	0	-10.34166	0	3.129798	0	0.5194559	-2.600761	3.211502	-0.5467815	-1.472831	1.046637	-1.983205	-1.721059	-3.963088	-2.179896	-0.5734158	0.006916469	-1.359381	-2.323363	-0.8139632	-0.4401803	-3.976776	-4.518658	-4.221233	-2.241874	-2.358745	8.546477	-0.3346684	276.7521	280.6058	0	0	330.2814	280.0795	403.2769	281.5325	0	0	456.825	279.4562	366.0381	351.6635	0	0						
AFDES	20160317	North Europ M04angerface Forward-10	0	MALE	test	TestImage	Emotient FACET	2120	2120			51	2120	1	209	195	296	296	-10.12155	0	3.156186	0	-7.647265	0	-4.219907	0	-3.625476	0	-3.121235	0	-0.8395676	0	3.122408	0	3.421494	0	-3.362967	0	-10.12155	0	3.156186	0	0.4116854	-2.752701	3.252529	-0.485857	-1.436364	1.136932	-1.996214	-1.812602	-3.850989	-2.13185	-0.7290342	-0.1047875	-1.423113	-2.287224	-0.7886996	-0.4265033	-3.855088	-4.456194	-4.134048	-2.235005	-2.494551	8.352572	-0.01861479	276.3898	280.2152	0	0	331.3938	279.0601	403.2486	281.4757	0	0	456.0728	279.2763	365.5975	351.8994	0	0						
AFDES	20160317	North Europ M04angerface Forward-10	0	MALE	test	TestImage	Emotient FACET	2160	2160			52	2160	1	209	195	297	297	-10.53792	0	3.364042	0	-7.856266	0	-4.639899	0	-3.738251	0	-3.046106	0	-0.7524173	0	3.175151	0	3.537956	0	-3.622176	0	-10.53792	0	3.364042	0	0.5211062	-2.755295	3.420757	-0.6053953	-1.411637	1.136837	-1.67466	-1.576208	-4.004418	-2.210495	-0.5474912	0.1919309	-1.106966	-2.419495	-0.6335035	-0.3309973	-3.936916	-4.520139	-4.160146	-2.164529	-2.265445	8.701189	-0.1259058	275.4181	280.3843	0	0	331.0904	281.0575	403.8282	280.0013	0	0	455.5651	278.9291	366.7504	351.7791	0	0						
AFDES	20160317	North Europ M04angerface Forward-10	0	MALE	test	TestImage	Emotient FACET	2200	2200			53	2200	1	209	195	297	297	-10.35239	0	3.359171	0	-7.913914	0	-4.469667	0	-3.826958	0	-3.078362	0	-0.6695981	0	3.052992	0	3.523043	0	-3.6618	0	-10.35239	0	3.359171	0	0.5097759	-2.707296	3.36924	-0.5588779	-1.435073	1.133289	-1.817587	-1.543794	-3.976797	-2.17542	-0.4007771	0.2932495	-1.299588	-2.280065	-0.5481156	-0.2820505	-3.925885	-4.462764	-4.128598	-2.180842	-2.453464	8.227201	-0.4622654	276.6862	280.5867	0	0	330.3515	280.1544	403.5553	280.672	0	0	456.9307	279.561	366.081	351.7339	0	0						
AFDES	20160317	North Europ M04angerface Forward-10	0	MALE	test	TestImage	Emotient FACET	2240	2240			54	2240	1	210	195	295	295	-10.29208	0	3.319962	0	-7.748907	0	-4.524308	0	-3.585456	0	-3.12522	0	-0.7998613	0	3.153237	0	3.57575	0	-3.522216	0	-10.29208	0	3.319962	0	0.4508155	-2.771607	3.30526	-0.6128638	-1.499611	1.043245	-1.813917	-1.7022	-3.912017	-2.1432	-0.598464	0.1580331	-1.149176	-2.363643	-0.6585866	-0.2503577	-3.947948	-4.485518	-4.032298	-2.202276	-1.889552	8.198969	-0.1912187	276.3212	280.5426	0	0	331.9084	279.2232	403.938	280.0955	0	0	455.0822	279.0919	367.5759	351.9106	0	0						
AFDES	20160317	North Europ M04angerface Forward-10	0	MALE	test	TestImage	Emotient FACET	2280	2280			55	2280	1	209	195	297	297	-10.52754	0	3.367481	0	-7.921618	0	-4.448086	0	-3.872493	0	-3.157344	0	-0.6281251	0	3.042062	0	3.506896	0	-3.684637	0	-10.52754	0	3.367481	0	0.5799131	-2.702661	3.397255	-0.5820528	-1.537227	1.057921	-1.880851	-1.562372	-4.03771	-2.222486	-0.4232715	0.2979405	-1.235108	-2.327466	-0.5267793	-0.2644175	-3.955962	-4.502214	-4.156985	-2.301067	-2.348989	8.518759	-0.1948558	276.3395	280.195	0	0	331.0182	280.9432	403.819	281.313	0	0	456.979	279.3335	366.6163	352.1621	0	0						
AFDES	20160317	North Europ M04angerface Forward-10	0	MALE	test	TestImage	Emotient FACET	2320	2320			56	2320	1	210	195	295	295	-10.425	0	3.323599	0	-7.7767	0	-4.544948	0	-3.673803	0	-3.046292	0	-0.7600256	0	3.127166	0	3.509082	0	-3.574075	0	-10.425	0	3.323599	0	0.4401602	-2.76722	3.334661	-0.5311767	-1.416955	1.106611	-1.727991	-1.601272	-3.921654	-2.18068	-0.5565106	0.1722422	-1.098191	-2.40109	-0.6145751	-0.2867166	-3.953326	-4.510517	-4.166454	-2.193956	-1.766671	8.113767	-0.2515491	276.5632	280.1447	0	0	330.7365	279.7082	403.3513	280.4135	0	0	455.1569	279.0449	367.7421	351.8993	0	0						
AFDES	20160317	North Europ M04angerface Forward-10	0	MALE	test	TestImage	Emotient FACET	2360	2360			57	2360	1	209	195	297	297	-10.60994	0	3.397238	0	-7.999659	0	-4.675054	0	-3.836761	0	-3.102712	0	-0.7383571	0	3.12841	0	3.520129	0	-3.711246	0	-10.60994	0	3.397238	0	0.4108535	-2.805911	3.448138	-0.5243785	-1.420643	1.141438	-1.671636	-1.458699	-3.99035	-2.253147	-0.4411103	0.2922048	-1.034583	-2.303133	-0.470485	-0.1994146	-3.929442	-4.557601	-4.22179	-2.186626	-2.696062	8.29451	-0.03016997	275.3326	280.5207	0	0	331.4348	280.3127	403.8213	280.2037	0	0	455.8085	278.9561	367.2449	352.1104	0	0						
AFDES	20160317	North Europ M04angerface Forward-10	0	MALE	test	TestImage	Emotient FACET	2400	2400			58	2400	1	208	196	297	297	-10.39937	0	3.33849	0	-7.98786	0	-4.497073	0	-3.797979	0	-3.161239	0	-0.6179769	0	3.054707	0	3.511435	0	-3.773199	0	-10.39937	0	3.33849	0	0.6688727	-2.728649	3.539411	-0.6178075	-1.517314	1.045649	-1.791868	-1.474755	-3.971561	-2.149705	-0.4595636	0.2499456	-1.087472	-2.236372	-0.5037836	-0.2237738	-3.96299	-4.596087	-4.076117	-2.227604	-2.668965	8.086065	-0.2055621	276.1312	281.3037	0	0	330.1981	281.3455	403.5156	280.8818	0	0	456.3373	279.6391	366.6291	352.9352	0	0						
AFDES	20160317	North Europ M04angerface Forward-10	0	MALE	test	TestImage	Emotient FACET	2440	2440			59	2440	1	209	197	294	294	-10.39227	0	3.201998	0	-7.691092	0	-4.366013	0	-3.60833	0	-3.054861	0	-0.5777457	0	3.031491	0	3.404949	0	-3.529012	0	-10.39227	0	3.201998	0	0.648932	-2.653641	3.376599	-0.5530319	-1.440799	1.012874	-1.809833	-1.634442	-3.974114	-2.156602	-0.5494646	0.1092908	-1.196311	-2.365777	-0.7410077	-0.3917505	-3.992597	-4.579648	-4.179919	-2.222167	-2.749933	8.182278	-0.05024106	276.5476	281.2833	0	0	330.0328	282.1234	402.727	281.7802	0	0	455.3556	279.3371	365.5617	351.9865	0	0						
AFDES	20160317	North Europ M04angerface Forward-10	0	MALE	test	TestImage	Emotient FACET	2480	2480			60	2480	1	209	196	296	296	-10.65631	0	3.217628	0	-7.792987	0	-4.428462	0	-3.752423	0	-3.21163	0	-0.597695	0	3.089413	0	3.383381	0	-3.609125	0	-10.65631	0	3.217628	0	0.6489829	-2.715984	3.463744	-0.5661755	-1.607242	0.9751765	-1.876554	-1.603657	-4.051667	-2.216719	-0.4436773	0.1763779	-1.116	-2.321693	-0.6617676	-0.3202857	-4.015685	-4.654751	-4.197513	-2.288843	-2.316545	8.12319	0.0106971	276.5319	281.4695	0	0	330.5412	281.9309	402.994	281.3586	0	0	455.9188	280.0927	365.9112	353.3728	0	0						
AFDES	20160317	North Europ M04angerface Forward-10	0	MALE	test	TestImage	Emotient FACET	2520	2520			61	2520	1	208	197	296	296	-10.68106	0	3.208886	0	-7.907095	0	-4.492303	0	-3.826267	0	-3.160922	0	-0.5709023	0	3.03591	0	3.34304	0	-3.5842	0	-10.68106	0	3.208886	0	0.6086301	-2.710863	3.442809	-0.529722	-1.446864	1.079359	-1.796896	-1.545368	-4.022903	-2.264143	-0.3354533	0.2269656	-1.107155	-2.339788	-0.6143698	-0.3010942	-4.032186	-4.65021	-4.330684	-2.287002	-2.987091	8.132374	0.09285394	274.8305	281.926	0	0	331.2553	282.124	402.1262	282.2078	0	0	455.3372	279.925	364.3133	353.1162	0	0						
AFDES	20160317	North Europ M04angerface Forward-10	0	MALE	test	TestImage	Emotient FACET	2560	2560			62	2560	1	208	196	296	296	-10.48036	0	3.245541	0	-7.724591	0	-4.385129	0	-3.710733	0	-3.159727	0	-0.8260735	0	3.154839	0	3.483011	0	-3.539314	0	-10.48036	0	3.245541	0	0.5330223	-2.803349	3.456544	-0.4975704	-1.48143	1.113602	-1.853846	-1.668559	-3.958366	-2.20501	-0.5601035	0.0303639	-1.133619	-2.285446	-0.6775329	-0.2798629	-3.926533	-4.594741	-4.176532	-2.211993	-3.281972	8.377213	0.1977701	275.7916	281.596	0	0	330.4482	281.2299	401.8649	282.0233	0	0	455.3216	279.7762	364.6382	353.3503	0	0						
AFDES	20160317	North Europ M04angerface Forward-10	0	MALE	test	TestImage	Emotient FACET	2600	2600			63	2600	1	207	197	297	297	-10.53185	0	3.151074	0	-7.762246	0	-4.361668	0	-3.810263	0	-3.171384	0	-0.6450758	0	3.036729	0	3.299509	0	-3.518733	0	-10.53185	0	3.151074	0	0.6101068	-2.710833	3.412906	-0.5093516	-1.503945	1.084382	-1.88691	-1.559907	-4.005495	-2.312534	-0.4259151	0.1244287	-1.106562	-2.291928	-0.6686516	-0.3330838	-3.941697	-4.60645	-4.347054	-2.206064	-2.958347	8.257536	0.1446659	274.3057	282.0817	0	0	331.7758	282.8251	401.8902	282.2293	0	0	455.1129	280.195	363.5323	354.4904	0	0						
AFDES	20160317	North Europ M04angerface Forward-10	0	MALE	test	TestImage	Emotient FACET	2640	2640			64	2640	1	208	198	295	295	-10.32322	0	3.067014	0	-7.483673	0	-4.072055	0	-3.55824	0	-3.054637	0	-0.6052016	0	2.980312	0	3.254339	0	-3.444921	0	-10.32322	0	3.067014	0	0.7087758	-2.603484	3.418215	-0.4395558	-1.384002	1.039477	-1.859034	-1.64983	-3.970481	-2.189033	-0.5559184	-0.04345397	-1.23319	-2.263706	-0.8655208	-0.4639394	-3.928573	-4.610027	-4.308008	-2.179868	-3.319299	8.354129	0.4221831	274.8259	282.4041	0	0	330.5994	283.7633	401.3304	283.3516	0	0	453.8742	280.1338	363.9238	354.1863	0	0						
AFDES	20160317	North Europ M04angerface Forward-10	0	MALE	test	TestImage	Emotient FACET	2680	2680			65	2680	1	206	196	299	299	-10.41734	0	3.243657	0	-7.82247	0	-4.499293	0	-3.876138	0	-3.089056	0	-0.730099	0	3.073843	0	3.346457	0	-3.601885	0	-10.41734	0	3.243657	0	0.5104923	-2.757945	3.46145	-0.5404965	-1.447023	1.157896	-1.724634	-1.451844	-4.001222	-2.391291	-0.5177661	0.1534116	-1.049534	-2.296804	-0.5685355	-0.2941281	-3.80651	-4.562078	-4.360795	-2.236206	-2.86579	8.292624	0.2205526	273.243	282.3088	0	0	331.0924	283.177	402.1325	282.4493	0	0	455.255	280.3124	364.2841	355.041	0	0						
AFDES	20160317	North Europ M04angerface Forward-10	0	MALE	test	TestImage	Emotient FACET	2720	2720			66	2720	1	207	197	296	296	-10.38677	0	3.037619	0	-7.679967	0	-4.248199	0	-3.636286	0	-3.14649	0	-0.5649207	0	2.976631	0	3.204175	0	-3.419198	0	-10.38677	0	3.037619	0	0.5994066	-2.694556	3.382282	-0.466398	-1.426782	1.048175	-1.859941	-1.585509	-3.935638	-2.267414	-0.4717085	0.04385116	-1.115487	-2.247172	-0.7240654	-0.3244181	-3.863281	-4.606088	-4.282864	-2.308549	-3.306388	8.26041	0.2323258	274.1698	281.896	0	0	330.7071	283.0363	401.1995	282.3187	0	0	454.1295	279.9769	364.4371	354.796	0	0						
AFDES	20160317	North Europ M04angerface Forward-10	0	MALE	test	TestImage	Emotient FACET	2760	2760			67	2760	1	207	197	296	296	-10.24548	0	3.094202	0	-7.60809	0	-4.220719	0	-3.611161	0	-3.102114	0	-0.6879526	0	3.00337	0	3.255418	0	-3.396434	0	-10.24548	0	3.094202	0	0.4903852	-2.737073	3.33719	-0.45053	-1.416904	1.081084	-1.796808	-1.583822	-3.892127	-2.252258	-0.4744686	0.04767241	-1.08048	-2.190378	-0.6730089	-0.2727681	-3.823918	-4.539849	-4.274608	-2.290884	-2.602966	8.495835	0.2203636	274.8549	282.5209	0	0	329.946	281.7842	401.3773	282.1265	0	0	455.0426	280.0965	363.9904	353.8177	0	0						
AFDES	20160317	North Europ M04angerface Forward-10	0	MALE	test	TestImage	Emotient FACET	2800	2800			68	2800	1	209	198	294	294	-10.02525	0	3.002179	0	-7.230975	0	-4.106129	0	-3.368781	0	-3.059378	0	-0.6366152	0	2.914194	0	3.159968	0	-3.250057	0	-10.02525	0	3.002179	0	0.6690972	-2.624756	3.334414	-0.5175268	-1.391523	0.9208241	-1.782414	-1.709048	-3.905366	-2.141939	-0.5563375	-0.06582246	-0.9521115	-2.214603	-0.7654646	-0.4136484	-3.780966	-4.472401	-4.057598	-2.261788	-2.709055	8.665893	0.2704219	275.7856	282.7783	0	0	329.6553	282.8509	401.658	282.0113	0	0	454.2278	280.4306	364.4802	353.491	0	0						
AFDES	20160317	North Europ M04angerface Forward-10	0	MALE	test	TestImage	Emotient FACET	2840	2840			69	2840	1	208	198	295	295	-9.891277	0	2.982846	0	-6.938102	0	-3.700686	0	-3.412293	0	-3.021204	0	-0.6225124	0	2.851742	0	3.086755	0	-3.194772	0	-9.891277	0	2.982846	0	0.5304142	-2.597383	3.204409	-0.1860774	-1.358113	0.9949955	-1.90145	-1.744298	-3.792487	-2.22254	-0.5145133	-0.08152685	-1.16269	-2.159607	-0.8728667	-0.4731156	-3.751462	-4.430571	-4.244822	-2.227051	-3.104104	8.359653	0.3241951	274.9321	282.3658	0	0	330.4726	283.3887	401.6652	282.4826	0	0	453.5992	280.4026	362.6271	354.3144	0	0						
AFDES	20160317	North Europ M04angerface Forward-10	0	MALE	test	TestImage	Emotient FACET	2880	2880			70	2880	1	208	198	295	295	-10.14933	0	2.963079	0	-7.26027	0	-3.795091	0	-3.447507	0	-3.16701	0	-0.5310839	0	2.864507	0	3.106557	0	-3.301507	0	-10.14933	0	2.963079	0	0.6702538	-2.603202	3.316364	-0.3786573	-1.561028	0.8726608	-1.986998	-1.734609	-3.915586	-2.174399	-0.4605355	0.01489593	-1.159806	-2.121147	-0.7937216	-0.3909411	-3.843593	-4.540296	-4.18676	-2.352764	-2.90767	8.101197	0.1712292	275.0099	282.6715	0	0	331.0203	284.2855	401.7849	282.5402	0	0	453.7282	281.2055	363.7776	355.0052	0	0						
AFDES	20160317	North Europ M04angerface Forward-10	0	MALE	test	TestImage	Emotient FACET	2920	2920			71	2920	1	208	198	296	296	-10.51568	0	2.950237	0	-7.434715	0	-4.045061	0	-3.607474	0	-3.131743	0	-0.5248738	0	2.93786	0	3.018818	0	-3.336382	0	-10.51568	0	2.950237	0	0.6379228	-2.701509	3.38114	-0.5156239	-1.609772	0.8737414	-1.906372	-1.644388	-4.031684	-2.311656	-0.4710526	0.01233908	-1.097549	-2.120431	-0.8152955	-0.4552177	-3.807772	-4.621584	-4.434568	-2.35856	-3.001614	8.388412	0.1565679	275.4809	283.0349	0	0	331.2642	284.0511	401.5524	283.183	0	0	455.0494	281.3748	364.6722	355.8129	0	0						
AFDES	20160317	North Europ M04angerface Forward-10	0	MALE	test	TestImage	Emotient FACET	2960	2960			72	2960	1	208	198	295	295	-9.925548	0	2.966697	0	-7.19647	0	-3.93045	0	-3.390771	0	-3.053455	0	-0.7033644	0	2.902805	0	3.111475	0	-3.053025	0	-9.925548	0	2.966697	0	0.4099571	-2.656641	3.144884	-0.3572914	-1.480004	0.9208603	-1.884123	-1.625977	-3.853216	-2.268213	-0.5520742	-0.02378614	-1.059989	-2.194558	-0.7434922	-0.3538657	-3.759969	-4.479809	-4.256138	-2.300343	-3.348498	8.243372	0.1444985	273.7934	282.9451	0	0	330.5736	285.0917	402.3516	283.8735	0	0	453.5918	280.9984	364.3648	354.2287	0	0						
AFDES	20160317	North Europ M04angerface Forward-10	0	MALE	test	TestImage	Emotient FACET	3000	3000			73	3000	1	207	198	297	297	-10.20932	0	2.895321	0	-7.251052	0	-3.913318	0	-3.556202	0	-3.110924	0	-0.4953188	0	2.806431	0	2.954666	0	-3.075173	0	-10.20932	0	2.895321	0	0.4381225	-2.579631	3.117107	-0.2953084	-1.47594	0.924755	-1.932004	-1.534979	-3.9344	-2.368589	-0.3984803	0.05257078	-1.154816	-2.277017	-0.7704465	-0.3765305	-3.861368	-4.570198	-4.549493	-2.298827	-3.407042	8.137245	0.1085934	273.6061	282.9401	0	0	330.5494	285.1417	402.147	284.0069	0	0	453.7791	281.0699	363.5305	355.4097	0	0						
AFDES	20160317	North Europ M04angerface Forward-10	0	MALE	test	TestImage	Emotient FACET	3040	3040			74	3040	1	207	199	297	297	-10.10271	0	2.85565	0	-7.130499	0	-3.863075	0	-3.537405	0	-3.041559	0	-0.4059469	0	2.739042	0	2.846879	0	-3.088224	0	-10.10271	0	2.85565	0	0.5387692	-2.48915	3.11869	-0.3205588	-1.499509	0.8682732	-1.90361	-1.462904	-3.911029	-2.379456	-0.3523785	0.05959509	-1.090389	-2.169244	-0.7516546	-0.4243884	-3.738544	-4.517847	-4.543959	-2.250306	-3.23738	8.367465	0.1124809	273.6097	283.1196	0	0	330.5021	285.3934	401.7754	284.2185	0	0	453.5673	281.5024	364.393	356.5525	0	0						
AFDES	20160317	North Europ M04angerface Forward-10	0	MALE	test	TestImage	Emotient FACET	3080	3080			75	3080	1	207	199	296	296	-10.24648	0	2.945762	0	-7.261979	0	-3.971242	0	-3.557016	0	-3.142289	0	-0.5893658	0	2.88259	0	3.014478	0	-3.158327	0	-10.24648	0	2.945762	0	0.496217	-2.639485	3.184787	-0.3364761	-1.562008	0.9074798	-1.958091	-1.616432	-3.92123	-2.33613	-0.4421599	0.01048608	-1.063453	-2.20688	-0.7759932	-0.3868908	-3.809746	-4.585524	-4.497442	-2.284213	-3.564426	8.085034	0.3079192	274.3434	283.195	0	0	329.7494	285.0803	401.7236	283.8252	0	0	453.9063	281.9477	363.7489	355.5428	0	0						
AFDES	20160317	North Europ M04angerface Forward-10	0	MALE	test	TestImage	Emotient FACET	3120	3120			76	3120	1	207	199	296	296	-10.24225	0	3.022248	0	-7.36251	0	-4.064187	0	-3.55639	0	-3.058811	0	-0.5848065	0	2.909693	0	3.082291	0	-3.280243	0	-10.24225	0	3.022248	0	0.4619221	-2.687877	3.254081	-0.3785128	-1.512643	0.9353979	-1.813571	-1.515882	-3.904624	-2.321317	-0.4122039	0.1098709	-0.9910125	-2.218161	-0.7202691	-0.3249856	-3.801123	-4.578456	-4.41266	-2.265624	-3.457572	8.036843	0.3330998	274.1965	283.331	0	0	329.3247	285.422	401.6176	283.8012	0	0	453.6414	281.7924	363.4128	355.806	0	0						
AFDES	20160317	North Europ M04angerface Forward-10	0	MALE	test	TestImage	Emotient FACET	3160	3160			77	3160	1	207	200	295	295	-10.32939	0	2.849077	0	-7.221723	0	-3.891183	0	-3.594163	0	-3.108071	0	-0.4965544	0	2.820812	0	2.905941	0	-3.090278	0	-10.32939	0	2.849077	0	0.5646276	-2.543978	3.162355	-0.3456386	-1.528267	0.8726336	-2.001692	-1.613479	-3.967757	-2.371559	-0.4647881	-0.06175416	-1.205541	-2.282761	-0.902411	-0.506521	-3.856423	-4.614491	-4.62879	-2.316063	-3.143955	8.326612	0.1455306	274.6093	284.6194	0	0	329.0619	284.361	400.8703	285.0812	0	0	453.3425	282.6359	362.6815	356.947	0	0						
AFDES	20160317	North Europ M04angerface Forward-10	0	MALE	test	TestImage	Emotient FACET	3200	3200			78	3200	1	206	199	297	297	-10.25988	0	2.975578	0	-7.308389	0	-4.05306	0	-3.679037	0	-3.020118	0	-0.5530404	0	2.859312	0	2.95805	0	-3.23034	0	-10.25988	0	2.975578	0	0.4249557	-2.626755	3.181566	-0.2579384	-1.452196	0.9870653	-1.858406	-1.45218	-3.979228	-2.488602	-0.4280167	0.08619227	-1.158045	-2.316283	-0.7812918	-0.467245	-3.801105	-4.605675	-4.696128	-2.243409	-3.392048	8.218537	0.09651233	272.8327	283.4906	0	0	329.8708	285.8239	400.3934	284.62	0	0	453.4906	282.7735	363.4119	356.5315	0	0						
AFDES	20160317	North Europ M04angerface Forward-10	0	MALE	test	TestImage	Emotient FACET	3240	3240			79	3240	1	206	199	297	297	-10.07388	0	3.033644	0	-7.326445	0	-4.056592	0	-3.590555	0	-3.001868	0	-0.5606061	0	2.88478	0	3.084756	0	-3.318938	0	-10.07388	0	3.033644	0	0.4908516	-2.621287	3.231418	-0.3514635	-1.452063	0.941557	-1.81264	-1.404916	-3.886181	-2.35886	-0.446032	0.09420309	-1.07637	-2.187999	-0.7068045	-0.3820177	-3.727333	-4.574953	-4.513226	-2.221785	-2.709889	8.54365	0.1851993	273.2332	284.2867	0	0	330.0071	285.5838	400.9954	285.0772	0	0	453.5117	282.52	363.3205	357.2359	0	0						
AFDES	20160317	North Europ M04angerface Forward-10	0	MALE	test	TestImage	Emotient FACET	3280	3280			80	3280	1	207	199	296	296	-10.30932	0	3.074607	0	-7.484302	0	-4.210392	0	-3.647727	0	-3.095591	0	-0.7349859	0	2.988326	0	3.120718	0	-3.221599	0	-10.30932	0	3.074607	0	0.3016799	-2.759532	3.188398	-0.3377082	-1.523551	0.9957543	-1.835347	-1.54196	-3.930286	-2.377959	-0.4179141	0.08516033	-0.9684702	-2.266405	-0.662852	-0.2938227	-3.8385	-4.620067	-4.587688	-2.35733	-3.569655	8.200329	0.3218918	274.4084	283.4306	0	0	329.5489	285.4489	401.364	284.0015	0	0	453.7453	282.2829	363.4438	356.5775	0	0						
AFDES	20160317	North Europ M04angerface Forward-10	0	MALE	test	TestImage	Emotient FACET	3320	3320			81	3320	1	206	199	298	298	-10.00983	0	3.079594	0	-7.376014	0	-4.202159	0	-3.645876	0	-2.945412	0	-0.6296903	0	2.945334	0	3.119284	0	-3.366179	0	-10.00983	0	3.079594	0	0.4445098	-2.664065	3.257232	-0.367263	-1.393092	1.019427	-1.720459	-1.349532	-3.873163	-2.37032	-0.5042812	0.1054691	-1.00153	-2.222476	-0.6506123	-0.3714142	-3.652321	-4.534118	-4.522564	-2.254761	-3.073042	8.432704	0.1393017	272.789	283.4467	0	0	329.2164	286.9217	401.7221	284.3783	0	0	453.3792	282.7609	364.316	356.6644	0	0						
AFDES	20160317	North Europ M04angerface Forward-10	0	MALE	test	TestImage	Emotient FACET	3360	3360			82	3360	1	205	199	298	298	-10.26313	0	3.087867	0	-7.519717	0	-4.31218	0	-3.854825	0	-2.944929	0	-0.6376128	0	2.964102	0	3.084475	0	-3.473937	0	-10.26313	0	3.087867	0	0.4043046	-2.706291	3.317311	-0.3905377	-1.436219	1.083826	-1.679199	-1.315992	-3.940134	-2.486576	-0.3792997	0.2244456	-0.9771411	-2.212435	-0.5698618	-0.360133	-3.657325	-4.529973	-4.552474	-2.200698	-3.08492	8.534787	0.2022477	272.855	284.0233	0	0	329.5989	285.8171	401.1125	284.4157	0	0	454.5807	282.7511	363.2757	356.6138	0	0						
AFDES	20160317	North Europ M04angerface Forward-10	0	MALE	test	TestImage	Emotient FACET	3400	3400			83	3400	1	206	200	296	296	-10.27364	0	3.015867	0	-7.380317	0	-4.186984	0	-3.608319	0	-3.056912	0	-0.5723225	0	2.938693	0	3.050381	0	-3.283952	0	-10.27364	0	3.015867	0	0.4289597	-2.6974	3.23522	-0.4070934	-1.492806	0.9463644	-1.792506	-1.527923	-3.897681	-2.368266	-0.3886772	0.1326271	-0.9608936	-2.246548	-0.6912242	-0.3406012	-3.75891	-4.569963	-4.506263	-2.291223	-3.803259	8.623262	0.2258349	273.2333	284.9549	0	0	328.5974	285.7117	401.0585	285.763	0	0	453.0295	281.7197	362.9243	356.0902	0	0						
AFDES	20160317	North Europ M04angerface Forward-10	0	MALE	test	TestImage	Emotient FACET	3440	3440			84	3440	1	205	200	297	297	-10.46184	0	2.971154	0	-7.462221	0	-4.218608	0	-3.784132	0	-3.038374	0	-0.5150853	0	2.915086	0	2.954381	0	-3.420157	0	-10.46184	0	2.971154	0	0.4997917	-2.698606	3.365467	-0.3398773	-1.441607	1.029689	-1.781861	-1.409351	-4.006618	-2.511591	-0.4041059	0.1323508	-1.085113	-2.273514	-0.7295005	-0.4691199	-3.711708	-4.602589	-4.611573	-2.219653	-3.867996	8.448631	0.2401477	272.0146	284.843	0	0	329.0344	286.5898	399.8503	285.505	0	0	453.3599	283.1765	362.5718	356.827	0	0						
AFDES	20160317	North Europ M04angerface Forward-10	0	MALE	test	TestImage	Emotient FACET	3480	3480			85	3480	1	204	200	298	298	-10.41724	0	3.004466	0	-7.555167	0	-4.2487	0	-3.745043	0	-3.029832	0	-0.5649549	0	2.922019	0	2.975494	0	-3.381794	0	-10.41724	0	3.004466	0	0.3951967	-2.72342	3.337155	-0.3096201	-1.419694	1.034058	-1.699494	-1.386444	-3.973773	-2.491883	-0.4065998	0.1867351	-1.086287	-2.293028	-0.6807536	-0.4372649	-3.726382	-4.585148	-4.544472	-2.333844	-3.993205	8.775593	0.3561516	272.3243	285.726	0	0	326.8855	285.0851	399.8026	286.5305	0	0	453.1176	283.1037	362.265	357.1595	0	0						
AFDES	20160317	North Europ M04angerface Forward-10	0	MALE	test	TestImage	Emotient FACET	3520	3520			86	3520	1	207	201	295	295	-10.35284	0	2.903742	0	-7.372269	0	-4.152013	0	-3.573235	0	-3.062581	0	-0.5081776	0	2.895939	0	2.934771	0	-3.19655	0	-10.35284	0	2.903742	0	0.4732287	-2.655483	3.226802	-0.4491532	-1.455412	0.9250707	-1.824061	-1.537428	-3.908288	-2.382707	-0.4464314	0.06238728	-1.047877	-2.277074	-0.8004584	-0.4362063	-3.784723	-4.604734	-4.576844	-2.29694	-4.100815	8.572693	0.3717374	273.1387	285.5767	0	0	328.7801	287.1316	401.0642	285.7776	0	0	452.3461	283.0808	362.6245	357.1539	0	0						
AFDES	20160317	North Europ M04angerface Forward-10	0	MALE	test	TestImage	Emotient FACET	3560	3560			87	3560	1	206	201	296	296	-10.31426	0	2.9048	0	-7.323893	0	-4.014061	0	-3.619584	0	-3.066121	0	-0.5586618	0	2.893192	0	2.95797	0	-3.22506	0	-10.31426	0	2.9048	0	0.4839095	-2.646466	3.278685	-0.3235456	-1.403084	0.9823156	-1.904794	-1.562531	-3.87552	-2.391984	-0.5418273	-0.08089252	-1.161737	-2.311505	-0.8822973	-0.5125938	-3.759747	-4.622761	-4.628608	-2.330993	-4.059961	8.829111	0.3866257	272.8883	285.3979	0	0	328.4875	286.8897	400.5306	285.5375	0	0	452.1445	283.5803	362.3946	357.3549	0	0						
AFDES	20160317	North Europ M04angerface Forward-10	0	MALE	test	TestImage	Emotient FACET	3600	3600			88	3600	1	205	200	298	298	-10.09637	0	2.932668	0	-7.374482	0	-4.177166	0	-3.645321	0	-2.873456	0	-0.4872316	0	2.870196	0	2.922704	0	-3.355139	0	-10.09637	0	2.932668	0	0.4547055	-2.610096	3.270996	-0.4096926	-1.381763	0.9894165	-1.642722	-1.266677	-3.891216	-2.468	-0.4146632	0.1755857	-1.069078	-2.141433	-0.7207561	-0.4587212	-3.576466	-4.511371	-4.490086	-2.203193	-3.724991	8.726678	0.3460886	272.9026	285.8667	0	0	328.2703	285.7541	401.0039	285.9428	0	0	453.3927	282.8095	363.0247	358.3582	0	0						
AFDES	20160317	North Europ M04angerface Forward-10	0	MALE	test	TestImage	Emotient FACET	3640	3640			89	3640	1	206	200	296	296	-10.16341	0	2.790942	0	-7.194094	0	-3.968629	0	-3.530429	0	-3.042824	0	-0.4394332	0	2.794652	0	2.804678	0	-3.064928	0	-10.16341	0	2.790942	0	0.4626034	-2.556299	3.12142	-0.3344947	-1.400701	0.8962718	-1.885631	-1.50725	-3.830363	-2.387555	-0.4257514	-0.007999077	-1.095287	-2.256868	-0.874348	-0.4886661	-3.739224	-4.547999	-4.640029	-2.316586	-4.197285	8.390237	0.2743828	272.8082	285.3736	0	0	329.2073	286.6783	401.0322	285.4605	0	0	452.3467	282.8798	362.7991	357.2429	0	0						
AFDES	20160317	North Europ M04angerface Forward-10	0	MALE	test	TestImage	Emotient FACET	3680	3680			90	3680	1	206	200	296	296	-10.33513	0	2.758852	0	-7.215401	0	-3.94265	0	-3.606817	0	-3.021281	0	-0.4626762	0	2.836551	0	2.761407	0	-3.125693	0	-10.33513	0	2.758852	0	0.5055273	-2.627033	3.259302	-0.2890842	-1.410794	0.9546499	-1.901977	-1.515473	-3.892446	-2.447218	-0.4677543	-0.08509799	-1.149627	-2.255057	-0.9483463	-0.5648866	-3.706017	-4.604466	-4.69692	-2.290427	-4.383806	8.232316	0.3666984	272.8265	285.2445	0	0	329.3208	286.7931	400.8393	285.4129	0	0	452.4472	283.2873	363.055	357.0221	0	0						
AFDES	20160317	North Europ M04angerface Forward-10	0	MALE	test	TestImage	Emotient FACET	3720	3720			91	3720	1	205	199	298	298	-10.28265	0	2.893456	0	-7.374386	0	-4.220479	0	-3.705774	0	-2.969066	0	-0.5853972	0	2.894287	0	2.86572	0	-3.235358	0	-10.28265	0	2.893456	0	0.3441714	-2.663128	3.252641	-0.2855306	-1.355148	1.047531	-1.69058	-1.323329	-3.924513	-2.52008	-0.4799132	0.06150922	-1.077004	-2.269523	-0.7632231	-0.4734494	-3.614558	-4.54738	-4.566094	-2.251889	-3.290529	8.763763	0.2972273	273.6632	285.7349	0	0	326.6911	285.3517	401.1477	285.6542	0	0	453.5316	282.3822	362.9988	357.7813	0	0						
AFDES	20160317	North Europ M04angerface Forward-10	0	MALE	test	TestImage	Emotient FACET	3760	3760			92	3760	1	205	200	298	298	-10.27522	0	2.883029	0	-7.311138	0	-4.234823	0	-3.759237	0	-2.880416	0	-0.5382022	0	2.871377	0	2.837395	0	-3.244783	0	-10.27522	0	2.883029	0	0.4125171	-2.628142	3.23316	-0.3420929	-1.326101	1.063483	-1.686417	-1.325936	-3.987096	-2.59216	-0.4546992	0.08246207	-1.098674	-2.211413	-0.8132787	-0.5499434	-3.554129	-4.511913	-4.702097	-2.211435	-3.670426	8.690425	0.2623009	273.7653	285.6812	0	0	328.1425	286.1187	401.0878	285.7845	0	0	454.4376	282.8241	362.9756	357.9977	0	0						
AFDES	20160317	North Europ M04angerface Forward-10	0	MALE	test	TestImage	Emotient FACET	3800	3800			93	3800	1	206	200	297	297	-10.69076	0	2.889052	0	-7.323224	0	-4.15622	0	-3.891901	0	-2.948305	0	-0.5709707	0	2.953014	0	2.818201	0	-3.285163	0	-10.69076	0	2.889052	0	0.4740355	-2.691068	3.340439	-0.3142636	-1.409487	1.064884	-1.874925	-1.425002	-4.076727	-2.672569	-0.5053503	-0.04543628	-1.178285	-2.296192	-0.9268583	-0.6615373	-3.626472	-4.642706	-4.823621	-2.259415	-3.898938	8.366526	0.1711833	273.3451	284.8611	0	0	330.0659	287.0197	401.7704	285.7364	0	0	453.1769	283.4864	362.8659	359.0551	0	0						
AFDES	20160317	North Europ M04angerface Forward-10	0	MALE	test	TestImage	Emotient FACET	3840	3840			94	3840	1	206	200	298	298	-10.19849	0	2.840827	0	-7.10471	0	-3.897198	0	-3.801367	0	-2.813869	0	-0.5476766	0	2.866971	0	2.766122	0	-3.242958	0	-10.19849	0	2.840827	0	0.5174617	-2.57598	3.265965	-0.2520769	-1.379078	1.046229	-1.851106	-1.352219	-3.958001	-2.607846	-0.5043101	-0.05015681	-1.179893	-2.12289	-0.9154767	-0.6664753	-3.468888	-4.505233	-4.681278	-2.150416	-3.607972	8.697087	0.304067	273.8394	285.5434	0	0	330.1299	287.0783	401.1721	285.9074	0	0	454.8975	284.2734	362.8824	358.6027	0	0						
AFDES	20160317	North Europ M04angerface Forward-10	0	MALE	test	TestImage	Emotient FACET	3880	3880			95	3880	1	207	201	296	296	-10.29221	0	2.842713	0	-7.26979	0	-4.182075	0	-3.6009	0	-2.867265	0	-0.5625932	0	2.87508	0	2.798789	0	-3.064248	0	-10.29221	0	2.842713	0	0.3533904	-2.627014	3.157908	-0.2958897	-1.21846	1.046206	-1.641575	-1.328383	-3.86849	-2.461841	-0.4990458	-0.02024228	-1.009105	-2.317244	-0.8980678	-0.5178427	-3.675864	-4.540179	-4.747823	-2.234854	-3.739027	8.808714	0.3712444	273.7267	286.1998	0	0	328.3577	285.986	401.106	286.1456	0	0	453.0103	282.6998	363.7594	357.3435	0	0						
AFDES	20160317	North Europ M04angerface Forward-10	0	MALE	test	TestImage	Emotient FACET	3920	3920			96	3920	1	206	200	298	298	-10.30473	0	2.807857	0	-7.425092	0	-4.240145	0	-3.734497	0	-2.847574	0	-0.5510338	0	2.88804	0	2.740825	0	-3.181325	0	-10.30473	0	2.807857	0	0.2885835	-2.684938	3.21925	-0.2512422	-1.284412	1.122217	-1.675549	-1.291474	-3.930652	-2.580989	-0.4401808	0.04500165	-1.101106	-2.231469	-0.8304331	-0.5543989	-3.576567	-4.50788	-4.694884	-2.266397	-3.480995	9.126734	0.4786772	273.1147	286.002	0	0	329.0522	286.1902	401.1122	286.4303	0	0	454.2314	282.8104	362.7809	357.3553	0	0						
AFDES	20160317	North Europ M04angerface Forward-10	0	MALE	test	TestImage	Emotient FACET	3960	3960			97	3960	1	207	201	297	297	-10.24417	0	2.723556	0	-7.324244	0	-4.150357	0	-3.599531	0	-2.900344	0	-0.4008509	0	2.855035	0	2.703027	0	-3.144461	0	-10.24417	0	2.723556	0	0.4247832	-2.632819	3.214928	-0.3959738	-1.337708	1.011584	-1.747092	-1.332226	-3.87298	-2.47914	-0.4454293	0.01879529	-1.062511	-2.201216	-0.8806632	-0.5610501	-3.585217	-4.526672	-4.660681	-2.167709	-3.60875	8.914729	0.485429	273.7475	286.5356	0	0	329.0198	286.9455	401.1393	286.6012	0	0	454.1248	282.8304	363.4363	357.5433	0	0						
AFDES	20160317	North Europ M04angerface Forward-10	0	MALE	test	TestImage	Emotient FACET	4000	4000			98	4000	1	207	200	296	296	-10.1776	0	2.818977	0	-7.152084	0	-4.11454	0	-3.571689	0	-2.934252	0	-0.6661777	0	2.915183	0	2.776095	0	-3.013007	0	-10.1776	0	2.818977	0	0.248181	-2.655862	3.114688	-0.1805318	-1.257257	1.09406	-1.725054	-1.420436	-3.836314	-2.486926	-0.5542677	-0.06189892	-1.002088	-2.282914	-0.9125323	-0.5446444	-3.627294	-4.506975	-4.724238	-2.189598	-3.547137	8.937182	0.4109691	274.1429	286.4707	0	0	327.8914	285.9238	401.1214	286.4165	0	0	454.0098	282.9567	363.3888	356.7735	0	0						
AFDES	20160317	North Europ M04angerface Forward-10	0	MALE	test	TestImage	Emotient FACET	4040	4040			99	4040	1	207	201	296	296	-10.21626	0	2.787718	0	-7.225451	0	-4.126205	0	-3.557986	0	-2.938714	0	-0.6470028	0	2.909247	0	2.741041	0	-2.973056	0	-10.21626	0	2.787718	0	0.2495674	-2.662292	3.094073	-0.2252197	-1.266892	1.077045	-1.779016	-1.43314	-3.85938	-2.511754	-0.5770304	-0.1012749	-0.9945542	-2.2759	-0.9556863	-0.576353	-3.622855	-4.52054	-4.787882	-2.223493	-3.333545	8.901643	0.4337828	274.0792	286.2706	0	0	328.2037	286.9034	401.1346	286.4196	0	0	453.9779	282.6422	362.9791	356.824	0	0						
AFDES	20160317	North Europ M04angerface Forward-10	0	MALE	test	TestImage	Emotient FACET	4080	4080			100	4080	1	207	201	296	296	-10.15318	0	2.710536	0	-7.120475	0	-4.035717	0	-3.5506	0	-2.863749	0	-0.57882	0	2.85856	0	2.672023	0	-2.941588	0	-10.15318	0	2.710536	0	0.3006166	-2.623644	3.093097	-0.2169665	-1.244016	1.065739	-1.78097	-1.41549	-3.844421	-2.496523	-0.5878901	-0.1592269	-1.085151	-2.265937	-1.005058	-0.6269265	-3.587851	-4.517404	-4.79377	-2.178044	-3.491235	9.037481	0.4686275	274.1137	286.5241	0	0	328.253	286.8771	401.0331	286.612	0	0	454.0797	283.0096	362.8638	356.6912	0	0						
AFDES	20160317	North Europ M04angerface Forward-10	0	MALE	test	TestImage	Emotient FACET	4120	4120			101	4120	1	207	200	296	296	-10.20433	0	2.746775	0	-7.15155	0	-4.073145	0	-3.584905	0	-2.88276	0	-0.5971254	0	2.874364	0	2.671029	0	-2.982845	0	-10.20433	0	2.746775	0	0.2536808	-2.655854	3.107565	-0.1800949	-1.249677	1.080829	-1.761334	-1.404668	-3.866011	-2.526045	-0.5736184	-0.1299572	-1.049895	-2.247026	-0.9661101	-0.618521	-3.564698	-4.49879	-4.791769	-2.193206	-3.431608	8.825612	0.5303949	273.8464	286.6617	0	0	328.1236	286.1517	401.0045	286.5142	0	0	454.188	283.0847	363.4407	356.5747	0	0						
AFDES	20160317	North Europ M04angerface Forward-10	0	MALE	test	TestImage	Emotient FACET	4160	4160			102	4160	1	206	200	298	298	-10.31586	0	2.77731	0	-7.150631	0	-4.019238	0	-3.863799	0	-2.827883	0	-0.5231448	0	2.872174	0	2.651443	0	-3.203174	0	-10.31586	0	2.77731	0	0.3493673	-2.670919	3.228354	-0.2076059	-1.408643	1.057137	-1.826618	-1.300229	-3.971034	-2.655166	-0.4315819	0.004790702	-1.143035	-2.135834	-0.9053514	-0.6348557	-3.463645	-4.514637	-4.768707	-2.186548	-3.489413	8.541646	0.3670976	273.7953	285.228	0	0	330.2949	287.1739	401.8075	285.629	0	0	454.7921	283.9589	362.9586	358.9234	0	0						
AFDES	20160317	North Europ M04angerface Forward-10	0	MALE	test	TestImage	Emotient FACET	4200	4200			103	4200	1	206	200	299	299	-9.96198	0	2.733013	0	-7.082436	0	-3.908391	0	-3.692014	0	-2.861819	0	-0.5036887	0	2.808402	0	2.722522	0	-3.093556	0	-9.96198	0	2.733013	0	0.4514793	-2.55023	3.146547	-0.3176965	-1.42808	0.9980615	-1.905077	-1.337887	-3.890982	-2.552924	-0.5073134	-0.08223797	-1.207385	-2.111531	-0.9111546	-0.6420437	-3.429605	-4.45318	-4.651231	-2.188363	-3.323208	8.6458	0.2772629	273.7612	285.2059	0	0	329.8263	287.7153	401.6707	285.6971	0	0	454.3454	283.8497	363.2381	359.86	0	0						
AFDES	20160317	North Europ M04angerface Forward-10	0	MALE	test	TestImage	Emotient FACET	4240	4240			104	4240	1	206	200	298	298	-10.24623	0	2.675832	0	-7.155357	0	-4.040569	0	-3.679878	0	-2.910504	0	-0.3709425	0	2.757289	0	2.602261	0	-3.070341	0	-10.24623	0	2.675832	0	0.4177997	-2.591006	3.135596	-0.2600492	-1.351024	1.01561	-1.818336	-1.34264	-3.921396	-2.589226	-0.3860855	-0.004818768	-1.137636	-2.190465	-0.8991529	-0.6553524	-3.548248	-4.488304	-4.813386	-2.200799	-3.801028	8.468637	0.3673525	272.6429	285.1188	0	0	330.1652	287.6835	401.2422	285.6041	0	0	453.2444	283.4993	363.4413	358.6681	0	0						
AFDES	20160317	North Europ M04angerface Forward-10	0	MALE	test	TestImage	Emotient FACET	4280	4280			105	4280	1	206	200	299	299	-10.05072	0	2.715028	0	-7.085086	0	-3.943687	0	-3.673334	0	-2.791054	0	-0.4863467	0	2.81936	0	2.675747	0	-3.079278	0	-10.05072	0	2.715028	0	0.441975	-2.573125	3.17144	-0.3514228	-1.340021	1.029745	-1.786327	-1.292188	-3.90845	-2.591425	-0.5279227	-0.1065913	-1.206236	-2.152872	-0.9252465	-0.6690574	-3.401573	-4.469403	-4.745036	-2.18722	-3.326902	8.491089	0.3768117	273.5737	285.5368	0	0	329.7497	287.9405	401.9831	285.729	0	0	454.2192	283.8599	363.2874	359.6683	0	0						
AFDES	20160317	North Europ M04angerface Forward-10	0	MALE	test	TestImage	Emotient FACET	4320	4320			106	4320	1	207	201	297	297	-10.26327	0	2.73014	0	-7.192332	0	-4.217071	0	-3.569788	0	-2.943978	0	-0.5754153	0	2.898553	0	2.688912	0	-2.977379	0	-10.26327	0	2.73014	0	0.2595317	-2.654531	3.115285	-0.3362586	-1.293135	1.036845	-1.730861	-1.372498	-3.887952	-2.537539	-0.5870337	-0.09417118	-1.053604	-2.289068	-0.9467896	-0.5945677	-3.552547	-4.502388	-4.816231	-2.174932	-4.397545	9.061189	0.562934	273.4761	286.8301	0	0	328.6633	286.563	401.0804	287.0411	0	0	453.7336	282.8853	363.7861	357.7984	0	0						
AFDES	20160317	North Europ M04angerface Forward-10	0	MALE	test	TestImage	Emotient FACET	4360	4360			107	4360	1	207	202	296	296	-10.22936	0	2.547846	0	-7.030724	0	-3.860372	0	-3.539714	0	-2.875645	0	-0.4055739	0	2.773841	0	2.506242	0	-2.894151	0	-10.22936	0	2.547846	0	0.4152295	-2.553919	3.093076	-0.3352467	-1.35833	0.9202139	-1.874172	-1.400951	-3.895296	-2.54806	-0.5752934	-0.1925663	-1.234119	-2.15347	-1.07373	-0.7352757	-3.497667	-4.529822	-4.857211	-2.213171	-3.723735	8.692933	0.4025116	274.0192	286.7029	0	0	330.2229	287.8622	401.5443	287.1798	0	0	453.9277	284.0555	363.7457	358.798	0	0						
AFDES	20160317	North Europ M04angerface Forward-10	0	MALE	test	TestImage	Emotient FACET	4400	4400			108	4400	1	207	201	297	297	-10.4379	0	2.713128	0	-7.334238	0	-4.138177	0	-3.727119	0	-2.968968	0	-0.5769753	0	2.896211	0	2.671687	0	-3.065324	0	-10.4379	0	2.713128	0	0.3454323	-2.696939	3.202192	-0.3107671	-1.401178	1.029218	-1.869426	-1.379707	-4.005977	-2.643312	-0.6342616	-0.1764947	-1.19115	-2.222407	-1.002145	-0.688551	-3.549783	-4.609633	-4.90512	-2.242809	-3.522609	8.813732	0.422765	273.929	286.4895	0	0	329.8833	287.2452	402.0923	287.0931	0	0	454.2578	283.7992	363.6215	358.9492	0	0						
AFDES	20160317	North Europ M04angerface Forward-10	0	MALE	test	TestImage	Emotient FACET	4440	4440			109	4440	1	207	201	297	297	-10.30209	0	2.68893	0	-7.184907	0	-4.00346	0	-3.675021	0	-2.911032	0	-0.5336165	0	2.841438	0	2.644779	0	-3.013215	0	-10.30209	0	2.68893	0	0.341135	-2.639539	3.129231	-0.3014327	-1.4063	0.9963387	-1.914636	-1.415932	-3.940138	-2.633575	-0.5599927	-0.1288801	-1.218749	-2.203668	-1.03166	-0.7068344	-3.54958	-4.530796	-4.85725	-2.20743	-3.669328	8.888995	0.4356964	274.1168	286.3501	0	0	330.0745	287.1732	402.0701	287.6391	0	0	454.1307	283.7601	363.3907	359.0092	0	0						
AFDES	20160317	North Europ M04angerface Forward-10	0	MALE	test	TestImage	Emotient FACET	4480	4480			110	4480	1	208	201	295	295	-9.998805	0	2.591052	0	-6.86134	0	-3.971012	0	-3.377461	0	-2.863263	0	-0.5965258	0	2.809314	0	2.607138	0	-2.661378	0	-9.998805	0	2.591052	0	0.2708322	-2.540717	2.891633	-0.3290257	-1.273685	0.9485449	-1.867577	-1.524041	-3.839839	-2.512	-0.7433389	-0.3022965	-1.158358	-2.335004	-1.13293	-0.7154461	-3.560727	-4.448176	-4.89264	-2.187396	-3.764104	8.968357	0.3329213	274.35	286.3675	0	0	330.4609	287.0273	401.6822	287.2546	0	0	453.6998	283.2261	364.0081	357.8409	0	0						
AFDES	20160317	North Europ M04angerface Forward-10	0	MALE	test	TestImage	Emotient FACET	4520	4520			111	4520	1	208	201	296	296	-10.3049	0	2.590969	0	-7.047743	0	-4.006272	0	-3.575221	0	-2.968194	0	-0.5731223	0	2.865854	0	2.584773	0	-2.810152	0	-10.3049	0	2.590969	0	0.3367539	-2.599853	3.044106	-0.3403806	-1.400382	0.9797275	-1.961932	-1.51288	-3.943563	-2.599205	-0.6941521	-0.2909571	-1.203491	-2.270376	-1.123194	-0.7154398	-3.553883	-4.545451	-4.905187	-2.227291	-3.428004	9.156004	0.3591261	275.8566	286.6775	0	0	328.9059	286.5573	402.2402	286.758	0	0	455.1349	283.3598	363.9836	358.2655	0	0						
AFDES	20160317	North Europ M04angerface Forward-10	0	MALE	test	TestImage	Emotient FACET	4560	4560			112	4560	1	208	201	297	297	-10.25377	0	2.6083	0	-7.064051	0	-4.087325	0	-3.531697	0	-2.962062	0	-0.5528811	0	2.872689	0	2.616036	0	-2.820527	0	-10.25377	0	2.6083	0	0.3529703	-2.558157	3.008363	-0.4015492	-1.352532	0.99664	-1.921517	-1.510745	-3.924042	-2.584833	-0.6962603	-0.250363	-1.158831	-2.285184	-1.098237	-0.6854261	-3.553154	-4.518922	-4.903151	-2.185375	-3.239201	9.276011	0.3820409	275.8878	286.6693	0	0	329.3913	286.663	402.3362	286.9211	0	0	455.3217	283.2095	363.9155	358.4882	0	0						
AFDES	20160317	North Europ M04angerface Forward-10	0	MALE	test	TestImage	Emotient FACET	4600	4600			113	4600	1	208	201	297	297	-10.16002	0	2.506031	0	-6.978611	0	-3.935529	0	-3.545335	0	-2.88989	0	-0.4331742	0	2.754878	0	2.453667	0	-2.744232	0	-10.16002	0	2.506031	0	0.3537765	-2.495158	2.951438	-0.3574574	-1.36753	0.9321994	-1.954654	-1.439822	-3.92207	-2.630602	-0.6304691	-0.2362891	-1.229423	-2.210523	-1.107008	-0.7582328	-3.513524	-4.476084	-4.91901	-2.219726	-3.124055	9.186828	0.3891277	275.7769	286.8302	0	0	329.3611	286.7443	402.46	287.1596	0	0	455.1828	283.4276	364.2104	358.9371	0	0						
AFDES	20160317	North Europ M04angerface Forward-10	0	MALE	test	TestImage	Emotient FACET	4640	4640			114	4640	1	208	201	297	297	-10.06495	0	2.50906	0	-6.858203	0	-3.892073	0	-3.48584	0	-2.924239	0	-0.4512731	0	2.75537	0	2.462969	0	-2.689582	0	-10.06495	0	2.50906	0	0.3225684	-2.497915	2.860154	-0.4302159	-1.499379	0.8103134	-1.974132	-1.451669	-3.874499	-2.562048	-0.6238371	-0.228759	-1.171804	-2.121553	-1.112344	-0.7011791	-3.475566	-4.432328	-4.821999	-2.231582	-3.229792	9.161676	0.3276391	275.94	286.7851	0	0	330.3112	286.9671	402.7398	287.06	0	0	455.4067	283.7231	364.8739	359.0928	0	0						
AFDES	20160317	North Europ M04angerface Forward-10	0	MALE	test	TestImage	Emotient FACET	4680	4680			115	4680	1	208	201	297	297	-10.11072	0	2.502651	0	-6.864777	0	-3.994026	0	-3.506792	0	-2.937088	0	-0.4571754	0	2.767341	0	2.457688	0	-2.681892	0	-10.11072	0	2.502651	0	0.286299	-2.499696	2.853266	-0.4141402	-1.428908	0.8779306	-1.929589	-1.44948	-3.905113	-2.625116	-0.6210349	-0.1861044	-1.149145	-2.18318	-1.085202	-0.7284359	-3.459212	-4.405046	-4.900164	-2.22728	-3.320337	8.905865	0.3716924	275.9568	286.7522	0	0	329.4289	286.5876	402.9564	286.7336	0	0	454.9175	283.2796	364.3429	359.6987	0	0						
AFDES	20160317	North Europ M04angerface Forward-10	0	MALE	test	TestImage	Emotient FACET	4720	4720			116	4720	1	208	201	297	297	-10.02254	0	2.512889	0	-6.814578	0	-4.004182	0	-3.422161	0	-2.942329	0	-0.5216834	0	2.793088	0	2.488038	0	-2.594323	0	-10.02254	0	2.512889	0	0.244841	-2.50286	2.799057	-0.4463359	-1.451891	0.8382666	-1.940462	-1.478927	-3.876449	-2.561347	-0.6573063	-0.2369952	-1.100119	-2.19002	-1.101604	-0.6885429	-3.492057	-4.416083	-4.883325	-2.226402	-3.21905	9.029696	0.3941776	276.1482	287.0238	0	0	329.3969	286.5997	403.4335	286.9409	0	0	455.03	283.2729	364.4098	358.9641	0	0						
AFDES	20160317	North Europ M04angerface Forward-10	0	MALE	test	TestImage	Emotient FACET	4760	4760			117	4760	1	207	201	297	297	-10.15015	0	2.528397	0	-6.897336	0	-4.010976	0	-3.511087	0	-2.871616	0	-0.5716879	0	2.742127	0	2.455082	0	-2.629751	0	-10.15015	0	2.528397	0	0.1682323	-2.55181	2.825428	-0.1838494	-1.28326	0.9830229	-1.848161	-1.438963	-3.918077	-2.679986	-0.6245633	-0.2212154	-1.210388	-2.28552	-1.157345	-0.7994854	-3.497433	-4.401302	-5.025157	-2.234308	-4.016366	9.03716	0.4580611	274.7476	286.94	0	0	328.2597	285.9469	402.7195	287.6512	0	0	454.5	283.297	363.2643	357.8019	0	0						
AFDES	20160317	North Europ M04angerface Forward-10	0	MALE	test	TestImage	Emotient FACET	4800	4800			118	4800	1	207	201	296	296	-9.903611	0	2.461533	0	-6.716404	0	-3.830911	0	-3.299366	0	-2.855232	0	-0.5234205	0	2.700542	0	2.457304	0	-2.493561	0	-9.903611	0	2.461533	0	0.2242604	-2.465712	2.75196	-0.2452659	-1.271063	0.8827183	-1.895251	-1.464477	-3.815423	-2.554711	-0.7182131	-0.3124065	-1.235524	-2.279831	-1.210635	-0.7920656	-3.503772	-4.375832	-4.923181	-2.230908	-3.915234	9.035873	0.396573	274.4641	286.8003	0	0	329.5008	286.8876	402.5675	287.673	0	0	453.8523	283.4026	363.5143	357.7808	0	0						
AFDES	20160317	North Europ M04angerface Forward-10	0	MALE	test	TestImage	Emotient FACET	4840	4840			119	4840	1	208	201	297	297	-10.08125	0	2.481508	0	-6.710102	0	-3.883973	0	-3.443781	0	-2.822479	0	-0.4430062	0	2.717517	0	2.39134	0	-2.523977	0	-10.08125	0	2.481508	0	0.245559	-2.446153	2.718211	-0.3798997	-1.407764	0.819826	-1.928166	-1.41036	-3.888879	-2.63688	-0.5751494	-0.2040216	-1.123412	-2.231144	-1.154553	-0.7655389	-3.497185	-4.411906	-4.996284	-2.184288	-3.454838	9.162524	0.3541477	275.6396	286.7304	0	0	329.6824	287.2563	403.5234	287.1217	0	0	454.6934	283.7878	364.0565	358.7075	0	0						
AFDES	20160317	North Europ M04angerface Forward-10	0	MALE	test	TestImage	Emotient FACET	4880	4880			120	4880	1	209	202	296	296	-10.07078	0	2.393619	0	-6.566661	0	-3.695212	0	-3.398232	0	-2.829592	0	-0.2865656	0	2.640009	0	2.319384	0	-2.550271	0	-10.07078	0	2.393619	0	0.3778039	-2.388109	2.759796	-0.3892859	-1.447873	0.7307568	-1.988426	-1.459008	-3.850231	-2.524583	-0.5119428	-0.2298288	-1.155887	-2.162747	-1.197364	-0.7812593	-3.49301	-4.357266	-4.885609	-2.170371	-3.630772	9.086918	0.384478	275.9915	286.7187	0	0	330.7749	286.9033	403.2692	287.2268	0	0	454.606	284.5897	364.84	359.1859	0	0						
AFDES	20160317	North Europ M04angerface Forward-10	0	MALE	test	TestImage	Emotient FACET	4920	4920			121	4920	1	208	201	296	296	-9.854854	0	2.419138	0	-6.662856	0	-3.861248	0	-3.303121	0	-2.846357	0	-0.4341279	0	2.667266	0	2.389732	0	-2.426754	0	-9.854854	0	2.419138	0	0.2685921	-2.384162	2.647995	-0.3994702	-1.384946	0.7843546	-1.957559	-1.427143	-3.835036	-2.552634	-0.6406421	-0.2800815	-1.13963	-2.257551	-1.20908	-0.7819116	-3.484519	-4.35276	-4.915259	-2.173598	-3.430758	9.082612	0.3875813	274.9407	286.5199	0	0	330.7305	286.673	402.9564	287.4739	0	0	454.2365	284.0836	364.8765	359.1474	0	0						
AFDES	20160317	North Europ M04angerface Forward-10	0	MALE	test	TestImage	Emotient FACET	4960	4960			122	4960	1	207	201	298	298	-9.869365	0	2.456316	0	-6.75655	0	-3.893064	0	-3.410408	0	-2.811951	0	-0.4049174	0	2.67598	0	2.422912	0	-2.608477	0	-9.869365	0	2.456316	0	0.3369029	-2.411036	2.773932	-0.4186366	-1.423235	0.8373788	-1.918643	-1.361889	-3.879753	-2.598165	-0.5739796	-0.1890802	-1.164108	-2.199029	-1.102252	-0.7421347	-3.427487	-4.355214	-4.846812	-2.132502	-3.280497	9.029709	0.2907776	274.5712	286.3477	0	0	330.5976	286.7402	403.1483	287.205	0	0	454.5648	283.8681	364.7936	359.7855	0	0						
AFDES	20160317	North Europ M04angerface Forward-10	0	MALE	test	TestImage	Emotient FACET	5000	5000			123	5000	1	208	201	296	296	-9.885465	0	2.442914	0	-6.754383	0	-3.924793	0	-3.277201	0	-2.942296	0	-0.3105291	0	2.658025	0	2.412011	0	-2.576294	0	-9.885465	0	2.442914	0	0.3041977	-2.437441	2.716026	-0.484614	-1.511355	0.7285091	-1.922912	-1.468645	-3.819718	-2.48649	-0.5151817	-0.1140936	-1.064321	-2.119292	-1.079176	-0.661778	-3.492037	-4.322204	-4.75184	-2.207547	-3.475671	9.530598	0.4920996	276.0262	286.8423	0	0	329.2972	287.3752	402.8398	286.7351	0	0	455.3062	283.5581	364.9867	358.1935	0	0						
AFDES	20160317	North Europ M04angerface Forward-10	0	MALE	test	TestImage	Emotient FACET	5040	5040			124	5040	1	208	202	296	296	-9.604832	0	2.362937	0	-6.490608	0	-3.713435	0	-3.147937	0	-2.877893	0	-0.269068	0	2.589816	0	2.338228	0	-2.446949	0	-9.604832	0	2.362937	0	0.361028	-2.316554	2.644388	-0.4204429	-1.456091	0.6733987	-1.931961	-1.475559	-3.756742	-2.412548	-0.5451902	-0.186452	-1.092164	-2.069341	-1.118629	-0.7024859	-3.455572	-4.274612	-4.677011	-2.1396	-3.500354	9.165677	0.3673973	275.6077	286.998	0	0	330.8071	287.6878	402.4019	286.8777	0	0	454.6614	283.0529	364.6899	359.4427	0	0						
AFDES	20160317	North Europ M04angerface Forward-10	0	MALE	test	TestImage	Emotient FACET	5080	5080			125	5080	1	208	202	295	295	-9.900235	0	2.357037	0	-6.610643	0	-3.794477	0	-3.208122	0	-2.902994	0	-0.3684345	0	2.652202	0	2.34694	0	-2.388614	0	-9.900235	0	2.357037	0	0.2959569	-2.390543	2.672567	-0.3711697	-1.392164	0.7578041	-1.954955	-1.551962	-3.825026	-2.49949	-0.6588131	-0.289066	-1.130837	-2.276768	-1.229176	-0.801497	-3.525432	-4.342255	-4.849787	-2.17883	-3.79474	8.885723	0.2622242	274.0941	286.5027	0	0	330.6208	287.6853	402.0443	287.5973	0	0	453.6223	283.1863	364.0281	358.0184	0	0						
AFDES	20160317	North Europ M04angerface Forward-10	0	MALE	test	TestImage	Emotient FACET	5120	5120			126	5120	1	207	201	297	297	-9.749313	0	2.385214	0	-6.664171	0	-3.893251	0	-3.203436	0	-2.867437	0	-0.3748062	0	2.639049	0	2.376057	0	-2.382102	0	-9.749313	0	2.385214	0	0.2385346	-2.355963	2.615721	-0.41202	-1.336852	0.8005038	-1.844298	-1.443423	-3.789733	-2.528684	-0.5866605	-0.1660674	-1.043605	-2.232894	-1.106775	-0.6912727	-3.476553	-4.274757	-4.82027	-2.181701	-3.912311	8.989715	0.5071114	274.2781	286.938	0	0	329.7007	286.8931	402.5024	287.6763	0	0	454.2494	282.6937	364.1119	358.0262	0	0						
AFDES	20160317	North Europ M04angerface Forward-10	0	MALE	test	TestImage	Emotient FACET	5160	5160			127	5160	1	207	202	297	297	-9.603897	0	2.398145	0	-6.529616	0	-3.603481	0	-3.310426	0	-2.686326	0	-0.3776369	0	2.625372	0	2.373603	0	-2.512574	0	-9.603897	0	2.398145	0	0.3721309	-2.316072	2.724262	-0.3539943	-1.344407	0.8116949	-1.893392	-1.348264	-3.820249	-2.576545	-0.6530827	-0.2621738	-1.237153	-2.162762	-1.167277	-0.8203475	-3.359582	-4.302202	-4.832044	-2.051414	-3.400592	9.042868	0.4356092	275.2847	286.9146	0	0	329.0454	288.2204	402.3437	286.8588	0	0	454.7439	284.42	364.0881	359.9839	0	0						
AFDES	20160317	North Europ M04angerface Forward-10	0	MALE	test	TestImage	Emotient FACET	5200	5200			128	5200	1	208	202	296	296	-9.470292	0	2.375485	0	-6.459671	0	-3.752576	0	-3.067789	0	-2.796823	0	-0.3664501	0	2.617024	0	2.369199	0	-2.348722	0	-9.470292	0	2.375485	0	0.2537148	-2.311718	2.568186	-0.4274566	-1.326199	0.7279972	-1.823048	-1.454216	-3.662298	-2.389564	-0.5963825	-0.2069541	-1.027316	-2.130797	-1.105424	-0.6622819	-3.4174	-4.219337	-4.672692	-2.122796	-3.872874	9.358547	0.4337205	275.7902	287.6636	0	0	329.8769	286.995	402.3154	287.6742	0	0	454.7344	283.2856	364.341	358.9609	0	0						
AFDES	20160317	North Europ M04angerface Forward-10	0	MALE	test	TestImage	Emotient FACET	5240	5240			129	5240	1	207	202	297	297	-9.565915	0	2.389873	0	-6.558218	0	-3.762338	0	-3.244745	0	-2.802599	0	-0.3757544	0	2.631405	0	2.355436	0	-2.448678	0	-9.565915	0	2.389873	0	0.2457075	-2.330003	2.593207	-0.3588223	-1.302604	0.8121372	-1.876705	-1.390603	-3.752833	-2.561337	-0.6391208	-0.1862274	-1.133622	-2.167432	-1.121799	-0.7405701	-3.415938	-4.27173	-4.856909	-2.085231	-3.788969	9.305673	0.3484907	275.7511	287.8051	0	0	328.8461	286.7234	402.2781	287.8779	0	0	454.7525	283.5541	364.5237	359.9983	0	0						
AFDES	20160317	North Europ M04angerface Forward-10	0	MALE	test	TestImage	Emotient FACET	5280	5280			130	5280	1	208	202	297	297	-9.734097	0	2.436901	0	-6.701316	0	-3.803515	0	-3.271557	0	-2.828508	0	-0.3580677	0	2.639606	0	2.401619	0	-2.549182	0	-9.734097	0	2.436901	0	0.2474871	-2.401465	2.69011	-0.3219143	-1.300414	0.8226176	-1.841021	-1.358775	-3.790087	-2.557701	-0.5858015	-0.1112801	-1.179128	-2.19118	-1.110819	-0.7427995	-3.466628	-4.311803	-4.826613	-2.136909	-3.991671	9.12526	0.5302618	275.8398	287.7835	0	0	328.8856	286.8607	402.2775	287.9846	0	0	454.5403	283.4019	364.2434	359.9526	0	0						
AFDES	20160317	North Europ M04angerface Forward-10	0	MALE	test	TestImage	Emotient FACET	5320	5320			131	5320	1	207	202	297	297	-9.5446	0	2.374967	0	-6.524661	0	-3.621779	0	-3.26894	0	-2.624027	0	-0.3947673	0	2.611067	0	2.339478	0	-2.432813	0	-9.5446	0	2.374967	0	0.3368529	-2.287738	2.664581	-0.3428147	-1.216341	0.8296731	-1.878372	-1.310332	-3.782659	-2.578555	-0.7033888	-0.3049302	-1.288313	-2.197655	-1.222545	-0.8754762	-3.33396	-4.273719	-4.919106	-2.067323	-3.899886	9.046056	0.5377392	275.2098	287.0393	0	0	330.2857	288.5104	402.4792	287.9587	0	0	454.6412	283.7826	363.562	360.4538	0	0						
AFDES	20160317	North Europ M04angerface Forward-10	0	MALE	test	TestImage	Emotient FACET	5360	5360			132	5360	1	208	201	297	297	-10.0259	0	2.371701	0	-6.666859	0	-3.82905	0	-3.406913	0	-2.792626	0	-0.3850456	0	2.667931	0	2.260954	0	-2.488349	0	-10.0259	0	2.371701	0	0.2252178	-2.435014	2.737498	-0.2989439	-1.266795	0.8581122	-1.882039	-1.36753	-3.883686	-2.650727	-0.6346865	-0.2527938	-1.199465	-2.26407	-1.226247	-0.8393835	-3.441355	-4.355863	-5.031081	-2.090706	-4.001659	9.295869	0.6002867	276.0039	286.8648	0	0	329.9693	287.1503	402.5587	287.9186	0	0	455.0782	282.9144	363.6635	359.8154	0	0						
AFDES	20160317	North Europ M04angerface Forward-10	0	MALE	test	TestImage	Emotient FACET	5400	5400			133	5400	1	207	201	299	299	-9.589704	0	2.447216	0	-6.571325	0	-3.769604	0	-3.37369	0	-2.690805	0	-0.5659238	0	2.696588	0	2.441334	0	-2.445713	0	-9.589704	0	2.447216	0	0.2293477	-2.382587	2.662841	-0.3689958	-1.33201	0.8716659	-1.908461	-1.338103	-3.864596	-2.653261	-0.7427122	-0.304641	-1.275442	-2.289511	-1.184635	-0.8227552	-3.347798	-4.307237	-4.924987	-2.076207	-3.858684	9.063334	0.5396101	275.0679	286.6807	0	0	330.0056	287.2075	403.7166	287.4901	0	0	455.3385	284.7651	364.8967	359.963	0	0						
AFDES	20160317	North Europ M04angerface Forward-10	0	MALE	test	TestImage	Emotient FACET	5440	5440			134	5440	1	208	202	296	296	-9.936527	0	2.38427	0	-6.597179	0	-3.700854	0	-3.355113	0	-2.799014	0	-0.3393227	0	2.682532	0	2.313825	0	-2.521533	0	-9.936527	0	2.38427	0	0.3455566	-2.377775	2.786489	-0.3284616	-1.234958	0.8601034	-1.889185	-1.41748	-3.842029	-2.583118	-0.7244365	-0.3012148	-1.242438	-2.287588	-1.287213	-0.8867469	-3.494241	-4.408384	-5.007523	-2.044136	-4.178064	9.366006	0.4970078	275.5609	287.1802	0	0	330.2159	288.6571	402.5306	287.9996	0	0	454.6639	283.3336	363.8349	359.4102	0	0						
AFDES	20160317	North Europ M04angerface Forward-10	0	MALE	test	TestImage	Emotient FACET	5480	5480			135	5480	1	207	201	297	297	-9.912446	0	2.442734	0	-6.643443	0	-3.797513	0	-3.350202	0	-2.886478	0	-0.4636353	0	2.688798	0	2.37815	0	-2.503181	0	-9.912446	0	2.442734	0	0.2390207	-2.412437	2.72466	-0.2765806	-1.305847	0.8491107	-1.891927	-1.412912	-3.85077	-2.611789	-0.6929814	-0.2436908	-1.172781	-2.293896	-1.219325	-0.8129389	-3.48979	-4.352486	-4.981217	-2.10566	-4.4304	9.217999	0.4380288	274.6188	287.3967	0	0	330.0667	287.4017	402.65	287.9322	0	0	454.6299	283.3705	363.7298	359.0668	0	0						
AFDES	20160317	North Europ M04angerface Forward-10	0	MALE	test	TestImage	Emotient FACET	5520	5520			136	5520	1	206	201	300	300	-9.445192	0	2.570544	0	-6.623311	0	-3.76236	0	-3.399995	0	-2.591664	0	-0.5796657	0	2.702147	0	2.554092	0	-2.638637	0	-9.445192	0	2.570544	0	0.2515919	-2.404891	2.742045	-0.3568702	-1.318006	0.8869241	-1.726185	-1.214576	-3.802427	-2.606066	-0.6493589	-0.1454576	-1.209107	-2.250713	-1.082699	-0.7517111	-3.305498	-4.269773	-4.74345	-2.056976	-3.91265	9.49036	0.5497817	274.5849	286.6885	0	0	330.3611	287.5927	403.3364	288.4417	0	0	455.5408	283.5184	363.9595	360.5671	0	0						
AFDES	20160317	North Europ M04angerface Forward-10	0	MALE	test	TestImage	Emotient FACET	5560	5560			137	5560	1	207	201	299	299	-9.498586	0	2.408871	0	-6.438947	0	-3.692175	0	-3.350531	0	-2.618032	0	-0.4150198	0	2.599985	0	2.369029	0	-2.456292	0	-9.498586	0	2.408871	0	0.2491717	-2.322997	2.616306	-0.466729	-1.35603	0.7768278	-1.774444	-1.273207	-3.811084	-2.62605	-0.6175526	-0.1527467	-1.201414	-2.175107	-1.120859	-0.7636578	-3.273191	-4.204467	-4.826602	-2.088755	-3.691621	9.976326	0.6006587	275.639	287.3309	0	0	330.1815	287.4895	403.4714	287.7085	0	0	456.3956	284.4388	365.3069	360.1799	0	0						
AFDES	20160317	North Europ M04angerface Forward-10	0	MALE	test	TestImage	Emotient FACET	5600	5600			138	5600	1	208	201	298	298	-9.709324	0	2.44961	0	-6.538244	0	-3.750411	0	-3.378444	0	-2.779439	0	-0.404414	0	2.638194	0	2.365662	0	-2.565235	0	-9.709324	0	2.44961	0	0.2329851	-2.414915	2.678854	-0.4166595	-1.45726	0.7532153	-1.855579	-1.336111	-3.830736	-2.638609	-0.5755396	-0.1154924	-1.134535	-2.104568	-1.080232	-0.7167697	-3.344145	-4.261996	-4.817069	-2.099297	-3.739576	9.96709	0.5410084	275.5124	287.2669	0	0	331.2994	287.2431	403.9057	287.7336	0	0	456.2184	284.3755	365.8949	359.5349	0	0						
AFDES	20160317	North Europ M04angerface Forward-10	0	MALE	test	TestImage	Emotient FACET	5640	5640			139	5640	1	208	201	298	298	-9.41008	0	2.368594	0	-6.465345	0	-3.680191	0	-3.270238	0	-2.732793	0	-0.3497005	0	2.571636	0	2.329302	0	-2.420609	0	-9.41008	0	2.368594	0	0.2004243	-2.337627	2.57405	-0.4209511	-1.428402	0.698074	-1.858241	-1.316531	-3.775692	-2.571736	-0.5796291	-0.150334	-1.210868	-2.058501	-1.106713	-0.7263806	-3.314347	-4.217122	-4.733634	-2.110978	-3.576348	9.830805	0.4950519	274.9207	287.3917	0	0	331.6764	288.5487	403.6629	287.4367	0	0	456.2272	284.2272	365.8561	359.3765	0	0						
AFDES	20160317	North Europ M04angerface Forward-10	0	MALE	test	TestImage	Emotient FACET	5680	5680			140	5680	1	207	201	299	299	-9.356941	0	2.470312	0	-6.53269	0	-3.77728	0	-3.271291	0	-2.753296	0	-0.5108771	0	2.653471	0	2.473144	0	-2.466875	0	-9.356941	0	2.470312	0	0.1555231	-2.38588	2.588364	-0.4318274	-1.425709	0.7222613	-1.819898	-1.338497	-3.736376	-2.503269	-0.6454689	-0.1401117	-1.164204	-2.172776	-1.059637	-0.6572561	-3.344698	-4.216456	-4.66556	-2.175664	-3.782779	9.656553	0.4420823	274.7685	286.6657	0	0	331.8301	288.4938	404.0122	287.6824	0	0	456.0208	283.7817	365.2504	360.0184	0	0						
AFDES	20160317	North Europ M04angerface Forward-10	0	MALE	test	TestImage	Emotient FACET	5720	5720			141	5720	1	208	202	297	297	-9.974631	0	2.332795	0	-6.452085	0	-3.80432	0	-3.2966	0	-2.936224	0	-0.3796264	0	2.612151	0	2.202561	0	-2.286576	0	-9.974631	0	2.332795	0	0.1518512	-2.386775	2.537239	-0.3165877	-1.42651	0.6937975	-1.965216	-1.495996	-3.861269	-2.620398	-0.6546808	-0.2507976	-1.132631	-2.389701	-1.254186	-0.8373938	-3.515735	-4.336442	-5.056644	-2.20746	-3.93142	9.227424	0.3025562	276.9475	287.5154	0	0	330.0479	286.874	403.7787	288.2614	0	0	455.7328	283.8556	364.9316	359.9738	0	0						
AFDES	20160317	North Europ M04angerface Forward-10	0	MALE	test	TestImage	Emotient FACET	5760	5760			142	5760	1	208	202	297	297	-9.826261	0	2.332915	0	-6.397273	0	-3.649883	0	-3.322598	0	-2.900699	0	-0.4331639	0	2.591569	0	2.197345	0	-2.287613	0	-9.826261	0	2.332915	0	0.07711791	-2.402606	2.549732	-0.131057	-1.391386	0.770006	-1.995945	-1.468207	-3.83173	-2.630504	-0.5842562	-0.2568688	-1.183704	-2.272985	-1.218529	-0.8501549	-3.454274	-4.281571	-4.990726	-2.150729	-3.941806	9.3769	0.3493379	277.0254	286.6207	0	0	330.0154	286.9966	403.5616	287.9243	0	0	455.5957	283.6652	364.6834	360.5932	0	0						
AFDES	20160317	North Europ M04angerface Forward-10	0	MALE	test	TestImage	Emotient FACET	5800	5800			143	5800	1	208	202	298	298	-9.534638	0	2.297898	0	-6.418324	0	-3.672169	0	-3.218855	0	-2.824826	0	-0.3936171	0	2.546473	0	2.219676	0	-2.246541	0	-9.534638	0	2.297898	0	0.1438989	-2.323555	2.517526	-0.3103627	-1.367495	0.7014477	-1.883708	-1.351528	-3.782813	-2.595731	-0.6726243	-0.2641659	-1.206768	-2.153478	-1.170998	-0.814797	-3.348364	-4.22912	-4.849786	-2.154376	-3.71353	9.565909	0.4312464	277.0546	287.8736	0	0	330.3015	287.5241	404.1996	287.9987	0	0	456.4348	283.852	364.9557	360.3375	0	0						
AFDES	20160317	North Europ M04angerface Forward-10	0	MALE	test	TestImage	Emotient FACET	5840	5840			144	5840	1	209	202	297	297	-9.39689	0	2.32306	0	-6.314507	0	-3.588521	0	-3.123235	0	-2.760285	0	-0.3946861	0	2.542158	0	2.246453	0	-2.212342	0	-9.39689	0	2.32306	0	0.1679683	-2.288933	2.481442	-0.2798373	-1.29961	0.6822557	-1.853834	-1.312183	-3.73681	-2.549603	-0.683445	-0.2972385	-1.203407	-2.111749	-1.219339	-0.8331603	-3.359075	-4.244474	-4.880682	-2.106243	-3.680428	9.559441	0.368974	276.9781	287.9581	0	0	330.5407	288.7211	404.2322	288.1455	0	0	456.4026	284.1004	365.0183	360.0551	0	0						
AFDES	20160317	North Europ M04angerface Forward-10	0	MALE	test	TestImage	Emotient FACET	5880	5880			145	5880	1	208	202	298	298	-9.66416	0	2.369236	0	-6.424475	0	-3.746423	0	-3.268155	0	-2.867803	0	-0.5209436	0	2.604351	0	2.279749	0	-2.250554	0	-9.66416	0	2.369236	0	0.07373837	-2.364496	2.521314	-0.2426301	-1.367912	0.7281733	-1.910936	-1.363418	-3.806118	-2.607763	-0.7343625	-0.296866	-1.186611	-2.272459	-1.180996	-0.8176374	-3.418833	-4.26331	-4.944622	-2.176123	-3.610214	9.687548	0.4338576	276.4703	287.1617	0	0	331.3183	288.1224	403.6807	288.4291	0	0	456.4493	284.3391	365.7606	360.4789	0	0						
AFDES	20160317	North Europ M04angerface Forward-10	0	MALE	test	TestImage	Emotient FACET	5920	5920			146	5920	1	209	202	298	298	-9.257909	0	2.384248	0	-6.343727	0	-3.663622	0	-3.152246	0	-2.770034	0	-0.4061098	0	2.539999	0	2.352024	0	-2.264639	0	-9.257909	0	2.384248	0	0.121457	-2.287176	2.413537	-0.4488935	-1.456849	0.6222026	-1.880212	-1.311605	-3.710568	-2.492802	-0.6162446	-0.1501288	-1.138263	-2.092042	-1.053052	-0.6813751	-3.382924	-4.182839	-4.675045	-2.133137	-3.509507	9.926275	0.3134874	276.4438	288.0004	0	0	332.5753	288.1272	404.5679	288.3643	0	0	457.3248	285.613	367.7099	360.5579	0	0						
AFDES	20160317	North Europ M04angerface Forward-10	0	MALE	test	TestImage	Emotient FACET	5960	5960			147	5960	1	209	202	299	299	-9.307045	0	2.405144	0	-6.462583	0	-3.841267	0	-3.14962	0	-2.758827	0	-0.4833962	0	2.593394	0	2.405433	0	-2.291607	0	-9.307045	0	2.405144	0	0.04108968	-2.333724	2.453621	-0.5051872	-1.422844	0.6637402	-1.731286	-1.280697	-3.701432	-2.509089	-0.6202025	-0.072204	-1.090948	-2.105363	-0.9892765	-0.6408398	-3.347963	-4.139054	-4.634732	-2.156172	-3.547142	9.967703	0.3455778	276.5933	287.91	0	0	332.5168	288.2312	404.3633	288.5514	0	0	457.8944	284.7886	368.1	360.412	0	0						
AFDES	20160317	North Europ M04angerface Forward-10	0	MALE	test	TestImage	Emotient FACET	6000	6000			148	6000	1	209	203	297	297	-9.41249	0	2.383908	0	-6.435791	0	-3.718049	0	-3.112951	0	-2.826974	0	-0.5133858	0	2.604851	0	2.379936	0	-2.213044	0	-9.41249	0	2.383908	0	0.1248417	-2.328856	2.479153	-0.3914274	-1.361688	0.6845347	-1.887048	-1.375328	-3.748914	-2.527206	-0.7699011	-0.3048165	-1.196186	-2.252137	-1.169893	-0.7907069	-3.425908	-4.270163	-4.83967	-2.11621	-3.682225	9.491089	0.2628182	276.7385	288.0327	0	0	332.3407	289.1786	404.44	288.7062	0	0	456.4977	284.9311	365.3036	361.3063	0	0						
