#Study : AFDES
#Date : 20160317 11:57:14
#Version : 5.7.2389.1
#TestRunDate : 20160317 11:53:14.261 (+01:00)

StudyName	ExportDate	Name	Age	Gender	StimulusName	SlideType	EventSource	Timestamp	MediaTime	PostMarker	Annotation	FrameNo	FrameTime	NoOfFaces	FaceRect X	FaceRect Y	FaceRect Width	FaceRect Height	Joy Evidence	Joy Intensity	Anger Evidence	Anger Intensity	Surprise Evidence	Surprise Intensity	Fear Evidence	Fear Intensity	Contempt Evidence	Contempt Intensity	Disgust Evidence	Disgust Intensity	Sadness Evidence	Sadness Intensity	Confusion Evidence	Confusion Intensity	Frustration Evidence	Frustration Intensity	Neutral Evidence	Neutral Intensity	Positive Evidence	Positive Intensity	Negative Evidence	Negative Intensity	AU1 Evidence	AU2 Evidence	AU4 Evidence	AU5 Evidence	AU6 Evidence	AU7 Evidence	AU9 Evidence	AU10 Evidence	AU12 Evidence	AU14 Evidence	AU15 Evidence	AU17 Evidence	AU18 Evidence	AU20 Evidence	AU23 Evidence	AU24 Evidence	AU25 Evidence	AU26 Evidence	AU28 Evidence	AU43 Evidence	Yaw Degrees	Pitch Degrees	Roll Degrees	LEFT_EYE_LATERAL X	LEFT_EYE_LATERAL Y	LEFT_EYE_PUPIL X	LEFT_EYE_PUPIL Y	LEFT_EYE_MEDIAL X	LEFT_EYE_MEDIAL Y	RIGHT_EYE_MEDIAL X	RIGHT_EYE_MEDIAL Y	RIGHT_EYE_PUPIL X	RIGHT_EYE_PUPIL Y	RIGHT_EYE_LATERAL X	RIGHT_EYE_LATERAL Y	NOSE_TIP X	NOSE_TIP Y	7 X	7 Y	LiveMarker	KeyStroke	MarkerText	SceneType	SceneOutput	SceneParent
AFDES	20160317	Medit M01sadnessface Forward-4	0	MALE	test	TestImage	Emotient FACET	80	80			0	80	1	215	193	279	279	-4.422442	0	-3.626616	0	0.8321982	0	-0.8420372	0	-1.08096	0	-3.586217	0	-1.711806	0	-2.23428	0	-3.110263	0	1.672652	0	-4.422442	0	-0.8420372	0	0.7997227	0.9727742	-0.5050442	-0.8134311	-2.11789	-1.720372	-4.619524	-1.990553	-2.203977	-1.920994	-1.429857	-1.309671	-1.203607	-0.967589	-1.048409	-1.836102	-0.6084841	-1.031481	-3.601079	-0.7940534	-0.3947818	6.684464	-0.1602051	279.1677	271.741	0	0	330.9394	273.7275	395.3358	273.837	0	0	446.8256	268.7719	364.2222	344.0311	0	0						
AFDES	20160317	Medit M01sadnessface Forward-4	0	MALE	test	TestImage	Emotient FACET	120	120			1	120	1	215	193	279	279	-4.533998	0	-3.710334	0	0.8561785	0	-0.7814683	0	-1.073475	0	-3.618087	0	-1.740118	0	-2.250287	0	-3.204885	0	1.707503	0	-4.533998	0	-0.7814683	0	0.8175029	1.010669	-0.4989559	-0.7682691	-2.11609	-1.751053	-4.689153	-2.023957	-2.238892	-1.992284	-1.540276	-1.379505	-1.147566	-0.9880812	-1.122773	-1.923127	-0.6256354	-1.070465	-3.709046	-0.7182001	-0.2731103	7.120586	-0.07045534	279.679	271.3819	0	0	330.7948	273.6712	396.0913	274.0056	0	0	447.2061	268.6169	362.8469	344.186	0	0						
AFDES	20160317	Medit M01sadnessface Forward-4	0	MALE	test	TestImage	Emotient FACET	160	160			2	160	1	216	193	278	278	-4.649836	0	-3.647136	0	0.8755389	0	-0.785817	0	-1.120825	0	-3.647241	0	-1.698705	0	-2.201911	0	-3.154383	0	1.652155	0	-4.649836	0	-0.785817	0	0.8905745	1.053844	-0.4108969	-0.7169244	-2.13121	-1.717815	-4.714626	-2.030028	-2.319783	-2.058429	-1.561971	-1.41888	-1.259233	-1.008319	-1.13098	-1.997517	-0.6345506	-1.110439	-3.820361	-0.7584748	-0.1621822	7.079542	-0.1583499	280.79	271.1457	0	0	331.3547	273.3033	396.1928	273.9535	0	0	446.6882	269.0701	364.2447	344.9087	0	0						
AFDES	20160317	Medit M01sadnessface Forward-4	0	MALE	test	TestImage	Emotient FACET	200	200			3	200	1	216	193	278	278	-4.515479	0	-3.614486	0	0.7437594	0	-0.8429635	0	-1.059043	0	-3.64532	0	-1.597286	0	-2.13559	0	-3.043792	0	1.796183	0	-4.515479	0	-0.8429635	0	0.7922922	0.9381358	-0.4884828	-0.8434767	-2.128809	-1.717911	-4.651165	-2.058434	-2.252506	-1.910737	-1.474699	-1.328868	-1.187216	-0.9929777	-1.068274	-1.830374	-0.7218552	-1.152208	-3.644364	-0.74177	-0.360464	7.086173	-0.129194	280.2525	271.7368	0	0	331.7782	273.6632	396.4198	273.6309	0	0	447.7706	268.6666	364.4742	343.4597	0	0						
AFDES	20160317	Medit M01sadnessface Forward-4	0	MALE	test	TestImage	Emotient FACET	240	240			4	240	1	216	193	278	278	-4.458971	0	-3.635914	0	0.7070844	0	-0.8516889	0	-1.010412	0	-3.610862	0	-1.581	0	-2.168758	0	-3.048882	0	1.877934	0	-4.458971	0	-0.8516889	0	0.7346234	0.895413	-0.5428159	-0.8460342	-2.124148	-1.715738	-4.631501	-2.068889	-2.225099	-1.858705	-1.439658	-1.250602	-1.115504	-0.9916322	-1.057163	-1.764083	-0.793281	-1.187148	-3.597937	-0.8160986	-0.2300137	7.201751	-0.2114937	280.1692	271.746	0	0	331.7098	273.6661	396.8404	273.3054	0	0	447.7482	268.6543	364.2626	343.3314	0	0						
AFDES	20160317	Medit M01sadnessface Forward-4	0	MALE	test	TestImage	Emotient FACET	280	280			5	280	1	216	193	279	279	-4.481464	0	-3.658921	0	0.6422797	0	-0.8408753	0	-0.9715393	0	-3.639054	0	-1.607869	0	-2.145491	0	-3.038369	0	1.937378	0	-4.481464	0	-0.8408753	0	0.7277581	0.877349	-0.5368768	-0.8903218	-2.116131	-1.734111	-4.649725	-2.095522	-2.225245	-1.851084	-1.480255	-1.297404	-1.115679	-0.9740916	-1.080332	-1.799604	-0.8153295	-1.242895	-3.613451	-0.7922391	-0.1322246	7.115516	-0.1851404	279.8831	271.9218	0	0	331.7597	273.6401	396.8322	273.2734	0	0	447.6939	268.761	364.231	343.2023	0	0						
AFDES	20160317	Medit M01sadnessface Forward-4	0	MALE	test	TestImage	Emotient FACET	320	320			6	320	1	217	193	278	278	-4.496945	0	-3.63519	0	0.633045	0	-0.9586567	0	-1.055677	0	-3.587369	0	-1.66223	0	-2.225823	0	-3.07059	0	1.893151	0	-4.496945	0	-0.9586567	0	0.7064304	0.8622928	-0.5561773	-0.8842117	-2.207118	-1.759557	-4.599229	-2.03672	-2.283391	-1.876833	-1.430353	-1.252464	-1.176713	-0.9553337	-1.028103	-1.776561	-0.7710403	-1.197881	-3.562045	-0.8558362	-0.2125979	7.160456	-0.234062	280.1963	271.8321	0	0	331.803	273.7021	396.8078	272.6742	0	0	447.5648	268.7548	364.6659	342.608	0	0						
AFDES	20160317	Medit M01sadnessface Forward-4	0	MALE	test	TestImage	Emotient FACET	360	360			7	360	1	214	192	280	280	-4.45408	0	-3.767922	0	0.6624891	0	-0.8438428	0	-1.010608	0	-3.548483	0	-1.741544	0	-2.27026	0	-3.229724	0	2.017077	0	-4.45408	0	-0.8438428	0	0.6615133	0.8809358	-0.6288626	-0.8874383	-2.169042	-1.77917	-4.711954	-2.095867	-2.204909	-1.876135	-1.556127	-1.291675	-0.9454785	-1.021113	-1.127459	-1.866621	-0.7851326	-1.188302	-3.612498	-0.9789287	-0.3473167	7.237792	-0.2130387	279.2517	270.6601	0	0	330.6608	273.5605	396.5078	273.4961	0	0	447.1937	268.735	363.2196	343.831	0	0						
AFDES	20160317	Medit M01sadnessface Forward-4	0	MALE	test	TestImage	Emotient FACET	400	400			8	400	1	216	193	277	277	-4.653562	0	-3.747778	0	0.7745425	0	-0.8115337	0	-1.050879	0	-3.615076	0	-1.812631	0	-2.333579	0	-3.276116	0	1.835216	0	-4.653562	0	-0.8115337	0	0.7984081	1.022503	-0.5406184	-0.7026663	-2.202373	-1.75812	-4.805397	-2.09535	-2.329557	-2.068267	-1.572147	-1.421342	-1.199857	-0.9819027	-1.149805	-2.060692	-0.6770179	-1.151654	-3.806237	-0.9617748	-0.3365498	7.137061	-0.2376168	280.2827	270.5104	0	0	330.6723	273.5285	395.9451	273.9775	0	0	446.5028	269.1118	363.4047	343.8015	0	0						
AFDES	20160317	Medit M01sadnessface Forward-4	0	MALE	test	TestImage	Emotient FACET	440	440			9	440	1	215	193	278	278	-4.72602	0	-3.746582	0	0.7747704	0	-0.8351332	0	-1.128654	0	-3.621664	0	-1.817495	0	-2.344786	0	-3.298384	0	1.848633	0	-4.72602	0	-0.8351332	0	0.7589455	0.9801574	-0.5448204	-0.7185932	-2.222447	-1.760768	-4.763114	-2.099169	-2.360156	-2.077707	-1.565629	-1.407634	-1.182922	-0.9718453	-1.123402	-2.074621	-0.6361091	-1.112106	-3.795643	-1.006905	-0.4363049	7.0075	-0.1168259	279.8127	270.2999	0	0	330.6279	273.5553	395.9708	273.9724	0	0	446.6337	269.0962	363.9281	343.3678	0	0						
AFDES	20160317	Medit M01sadnessface Forward-4	0	MALE	test	TestImage	Emotient FACET	480	480			10	480	1	215	193	278	278	-4.716177	0	-3.747102	0	0.7706825	0	-0.8629857	0	-1.103246	0	-3.658375	0	-1.836684	0	-2.399387	0	-3.313586	0	1.836717	0	-4.716177	0	-0.8629857	0	0.7413092	0.9617255	-0.5838264	-0.7384714	-2.31076	-1.817982	-4.752456	-2.117042	-2.350652	-2.036663	-1.541139	-1.350099	-1.133511	-1.002642	-1.108576	-2.010571	-0.6636383	-1.104618	-3.729291	-0.9689748	-0.564167	7.181066	-0.1352749	280.1721	270.3544	0	0	330.7898	273.6724	396.0264	273.8037	0	0	447.1979	268.7308	363.186	343.4445	0	0						
AFDES	20160317	Medit M01sadnessface Forward-4	0	MALE	test	TestImage	Emotient FACET	520	520			11	520	1	216	193	278	278	-4.616077	0	-3.680295	0	0.7178915	0	-0.989359	0	-1.113292	0	-3.634276	0	-1.837795	0	-2.355972	0	-3.198695	0	1.793163	0	-4.616077	0	-0.989359	0	0.707326	0.91416	-0.5704472	-0.7890436	-2.324279	-1.800614	-4.634845	-2.049232	-2.341067	-1.993069	-1.521393	-1.321958	-1.154152	-0.9945939	-1.07229	-1.930667	-0.6495955	-1.072198	-3.645918	-0.9248861	-0.5524434	7.018558	-0.1232415	279.8817	271.2806	0	0	331.3526	273.1819	396.0992	273.685	0	0	447.3343	268.7295	363.9112	342.8412	0	0						
AFDES	20160317	Medit M01sadnessface Forward-4	0	MALE	test	TestImage	Emotient FACET	560	560			12	560	1	216	193	277	277	-4.742615	0	-3.712778	0	0.8204617	0	-0.9318798	0	-1.15512	0	-3.652708	0	-1.808005	0	-2.399365	0	-3.266024	0	1.773329	0	-4.742615	0	-0.9318798	0	0.7696763	0.986671	-0.5414979	-0.7649337	-2.300406	-1.796112	-4.718717	-2.035529	-2.397722	-2.051257	-1.533167	-1.346034	-1.218393	-1.009612	-1.100126	-1.978733	-0.6229492	-1.065544	-3.745148	-0.951791	-0.3848054	7.22776	-0.2751987	281.0142	271.507	0	0	331.7453	273.4743	396.3723	273.9621	0	0	447.5229	268.7275	363.3607	343.8123	0	0						
AFDES	20160317	Medit M01sadnessface Forward-4	0	MALE	test	TestImage	Emotient FACET	600	600			13	600	1	217	193	278	278	-4.64518	0	-3.666649	0	0.8193806	0	-1.000708	0	-1.144345	0	-3.684753	0	-1.782904	0	-2.373799	0	-3.175883	0	1.720273	0	-4.64518	0	-1.000708	0	0.7568544	0.9535782	-0.5708743	-0.8263019	-2.287518	-1.801767	-4.691047	-2.04472	-2.360821	-1.990839	-1.46818	-1.272164	-1.227512	-1.053636	-1.051288	-1.849174	-0.6601141	-1.051728	-3.672504	-0.8800859	-0.161339	7.192237	-0.3663795	280.5956	271.7897	0	0	331.6918	273.5228	396.4463	273.9454	0	0	447.5417	268.6942	364.3135	343.4518	0	0						
AFDES	20160317	Medit M01sadnessface Forward-4	0	MALE	test	TestImage	Emotient FACET	640	640			14	640	1	216	193	278	278	-4.618138	0	-3.674926	0	0.8348016	0	-1.014007	0	-1.200277	0	-3.589424	0	-1.903286	0	-2.417073	0	-3.24944	0	1.689063	0	-4.618138	0	-1.014007	0	0.6992119	0.9377056	-0.6107823	-0.8254323	-2.266112	-1.80202	-4.578018	-2.001757	-2.347003	-2.023616	-1.538848	-1.332048	-1.236707	-1.052779	-1.090437	-1.918928	-0.5671403	-0.9858629	-3.701046	-0.8239664	-0.2689919	7.145123	-0.3147166	280.38	271.3653	0	0	331.3958	273.5013	396.9472	273.594	0	0	447.1366	268.241	363.7509	343.5624	0	0						
AFDES	20160317	Medit M01sadnessface Forward-4	0	MALE	test	TestImage	Emotient FACET	680	680			15	680	1	217	193	278	278	-4.590556	0	-3.68262	0	0.8303517	0	-0.9833723	0	-1.165104	0	-3.655891	0	-1.833395	0	-2.425067	0	-3.217407	0	1.71927	0	-4.590556	0	-0.9833723	0	0.7293253	0.9323851	-0.5928227	-0.8178632	-2.317205	-1.807726	-4.687696	-2.05428	-2.335958	-1.951869	-1.456373	-1.279827	-1.220984	-1.036665	-1.031613	-1.821989	-0.634812	-1.034784	-3.631592	-0.8458343	-0.2347108	7.078915	-0.3930998	280.5518	271.7	0	0	331.4642	273.4721	397.5549	273.9889	0	0	447.6599	268.6227	364.8095	343.2115	0	0						
AFDES	20160317	Medit M01sadnessface Forward-4	0	MALE	test	TestImage	Emotient FACET	720	720			16	720	1	217	193	278	278	-4.610772	0	-3.700285	0	0.8537605	0	-1.027348	0	-1.20761	0	-3.629818	0	-1.891506	0	-2.49282	0	-3.27385	0	1.689569	0	-4.610772	0	-1.027348	0	0.7224541	0.9300501	-0.6038325	-0.8183941	-2.340256	-1.834932	-4.675276	-2.009705	-2.362491	-1.983762	-1.47013	-1.272516	-1.250702	-1.04606	-1.058954	-1.855956	-0.6159608	-1.027804	-3.666811	-0.8455555	-0.3263875	7.010469	-0.4208952	280.7622	271.728	0	0	331.82	273.7332	397.6568	273.7523	0	0	447.7269	268.6194	364.2248	343.3586	0	0						
AFDES	20160317	Medit M01sadnessface Forward-4	0	MALE	test	TestImage	Emotient FACET	760	760			17	760	1	216	193	279	279	-4.476586	0	-3.627456	0	0.8259647	0	-1.013927	0	-1.144084	0	-3.536493	0	-1.80768	0	-2.355485	0	-3.146402	0	1.726054	0	-4.476586	0	-1.013927	0	0.6696908	0.8726268	-0.5986462	-0.8587147	-2.226618	-1.791795	-4.576292	-1.993661	-2.259926	-1.914631	-1.411854	-1.226391	-1.207364	-1.006891	-1.012868	-1.798232	-0.6213977	-1.011301	-3.56279	-0.8093799	-0.476109	6.881284	-0.2990868	280.671	271.8314	0	0	331.5294	273.563	397.5577	273.6019	0	0	447.5903	268.7559	364.3798	344.722	0	0						
AFDES	20160317	Medit M01sadnessface Forward-4	0	MALE	test	TestImage	Emotient FACET	800	800			18	800	1	215	193	279	279	-4.419097	0	-3.588378	0	0.8196999	0	-0.9430879	0	-1.059564	0	-3.50085	0	-1.741354	0	-2.238243	0	-3.076705	0	1.736444	0	-4.419097	0	-0.9430879	0	0.6869561	0.9017121	-0.5551242	-0.8302212	-2.133558	-1.746003	-4.513837	-1.944379	-2.200624	-1.882293	-1.379659	-1.215165	-1.129967	-0.984563	-0.9978014	-1.771612	-0.5866006	-0.9701963	-3.496943	-0.801996	-0.3846227	7.666425	0.1492852	280.0311	271.7725	0	0	330.4901	274.7489	396.9608	273.6893	0	0	447.7578	269.6453	364.2935	344.2585	0	0						
AFDES	20160317	Medit M01sadnessface Forward-4	0	MALE	test	TestImage	Emotient FACET	840	840			19	840	1	215	193	280	280	-4.52671	0	-3.724154	0	0.7971311	0	-0.9693522	0	-1.105464	0	-3.464467	0	-1.812855	0	-2.388695	0	-3.269379	0	1.852177	0	-4.52671	0	-0.9693522	0	0.6686089	0.9027495	-0.6171604	-0.8536061	-2.188535	-1.807293	-4.569585	-1.962283	-2.253529	-1.944073	-1.442091	-1.20617	-1.054565	-1.045112	-1.051758	-1.820757	-0.6481885	-1.054052	-3.591806	-0.8920497	-0.2671945	7.578882	0.118916	280.0675	271.3	0	0	330.5012	274.5877	397.0664	274.0396	0	0	447.7809	269.7435	363.8609	344.6501	0	0						
AFDES	20160317	Medit M01sadnessface Forward-4	0	MALE	test	TestImage	Emotient FACET	880	880			20	880	1	217	194	278	278	-4.558748	0	-3.55994	0	0.7570857	0	-1.146901	0	-1.242395	0	-3.552811	0	-1.845912	0	-2.324964	0	-3.110514	0	1.632711	0	-4.558748	0	-1.146901	0	0.6256572	0.8215275	-0.6128719	-0.8853402	-2.271599	-1.790043	-4.413359	-1.974103	-2.320538	-1.962147	-1.330082	-1.194663	-1.331418	-0.9563969	-0.9524986	-1.775144	-0.5831888	-0.9726517	-3.574863	-0.9105114	-0.2814399	7.560612	0.08009344	280.8638	272.6147	0	0	330.3453	274.5275	396.6782	273.7901	0	0	447.4081	269.0369	365.1994	343.9125	0	0						
AFDES	20160317	Medit M01sadnessface Forward-4	0	MALE	test	TestImage	Emotient FACET	920	920			21	920	1	216	194	279	279	-4.489963	0	-3.653657	0	0.8223407	0	-0.9011489	0	-1.047084	0	-3.472603	0	-1.730281	0	-2.273356	0	-3.159769	0	1.804471	0	-4.489963	0	-0.9011489	0	0.7465296	0.9625401	-0.5405367	-0.8176033	-2.079184	-1.732664	-4.598723	-1.947988	-2.238335	-1.954812	-1.415549	-1.24262	-1.144263	-1.041134	-1.045503	-1.851771	-0.6686372	-1.089919	-3.609736	-0.8005479	-0.1069923	7.797126	0.1670661	280.783	271.5006	0	0	330.7807	275.4802	396.8268	274.9476	0	0	448.0377	270.5724	364.4799	345.0786	0	0						
AFDES	20160317	Medit M01sadnessface Forward-4	0	MALE	test	TestImage	Emotient FACET	960	960			22	960	1	216	194	278	278	-4.498847	0	-3.563528	0	0.7078161	0	-0.8154621	0	-0.9539459	0	-3.431091	0	-1.494169	0	-2.111755	0	-3.003925	0	1.858284	0	-4.498847	0	-0.8154621	0	0.7544158	0.918861	-0.4635741	-0.8093729	-2.021731	-1.663618	-4.467171	-1.88547	-2.267025	-1.901257	-1.303391	-1.132297	-1.049569	-1.038214	-1.001189	-1.743907	-0.8194883	-1.238362	-3.590188	-0.861182	0.0733118	7.827068	-0.001985876	280.9733	272.2022	0	0	331.3912	274.9652	397.5979	274.9507	0	0	447.5107	270.89	365.2681	345.5138	0	0						
AFDES	20160317	Medit M01sadnessface Forward-4	0	MALE	test	TestImage	Emotient FACET	1000	1000			23	1000	1	218	194	278	278	-4.74239	0	-3.685838	0	0.6476188	0	-1.09958	0	-0.9640671	0	-3.46216	0	-1.48588	0	-2.462826	0	-3.259115	0	1.986366	0	-4.74239	0	-0.9640671	0	0.6848559	0.8290707	-0.6033185	-0.7926195	-2.314416	-1.844361	-4.468807	-1.939814	-2.447051	-1.933291	-1.28061	-0.8987458	-0.946182	-1.204732	-1.038699	-1.649119	-1.085023	-1.441937	-3.67529	-1.133194	0.009201655	7.589433	0.1873883	282.2964	270.6725	0	0	331.8045	274.4532	397.8252	274.9561	0	0	448.4262	270.5947	367.479	345.1396	0	0						
AFDES	20160317	Medit M01sadnessface Forward-4	0	MALE	test	TestImage	Emotient FACET	1040	1040			24	1040	1	218	195	278	278	-4.595798	0	-3.37127	0	0.6035345	0	-0.8761737	0	-0.9272342	0	-3.354863	0	-1.186586	0	-1.960735	0	-2.860858	0	1.880633	0	-4.595798	0	-0.8761737	0	0.7125249	0.8070819	-0.4596886	-0.8334138	-2.020348	-1.690019	-4.232154	-1.845132	-2.331256	-1.842783	-1.125055	-0.8632569	-0.9450579	-1.040134	-0.9997787	-1.501632	-1.053325	-1.429947	-3.555519	-0.8695767	0.08550712	8.013215	0.09588671	281.2015	272.441	0	0	331.8856	275.6352	398.8441	274.6708	0	0	446.4773	270.7544	367.0471	346.1719	0	0						
AFDES	20160317	Medit M01sadnessface Forward-4	0	MALE	test	TestImage	Emotient FACET	1080	1080			25	1080	1	218	195	278	278	-4.69025	0	-3.433255	0	0.5932284	0	-0.933265	0	-0.923301	0	-3.306041	0	-1.277767	0	-2.074492	0	-2.958286	0	1.950464	0	-4.69025	0	-0.923301	0	0.6722435	0.7921786	-0.5292316	-0.8572918	-2.042455	-1.708459	-4.225306	-1.839153	-2.361034	-1.856394	-1.193365	-0.8997864	-0.9122217	-1.122279	-0.990288	-1.548323	-1.044779	-1.440293	-3.592311	-0.8773901	0.6098345	7.260164	0.1428641	282.1719	271.9774	0	0	331.5569	275.4278	397.6586	274.7736	0	0	447.47	271.3315	367.784	346.5069	0	0						
AFDES	20160317	Medit M01sadnessface Forward-4	0	MALE	test	TestImage	Emotient FACET	1120	1120			26	1120	1	217	195	279	279	-4.638586	0	-3.286216	0	0.4391024	0	-0.8760124	0	-0.8567711	0	-3.113716	0	-1.17386	0	-1.898344	0	-2.825977	0	1.970405	0	-4.638586	0	-0.8567711	0	0.6356357	0.7333345	-0.5165881	-0.8788142	-1.879944	-1.583	-4.005833	-1.725726	-2.281053	-1.791211	-1.147434	-0.8900287	-0.8101929	-1.0501	-0.9579349	-1.508739	-1.057163	-1.476336	-3.555221	-0.7731485	0.1896992	7.574028	0.2794181	282.1512	272.3541	0	0	331.9416	276.066	399.4445	275.2328	0	0	446.9516	271.3331	367.2689	347.8949	0	0						
AFDES	20160317	Medit M01sadnessface Forward-4	0	MALE	test	TestImage	Emotient FACET	1160	1160			27	1160	1	217	196	279	279	-4.645332	0	-3.071453	0	0.4318933	0	-0.9127266	0	-0.8891729	0	-2.815403	0	-1.009166	0	-1.750674	0	-2.703516	0	1.875771	0	-4.645332	0	-0.8891729	0	0.6272714	0.7253128	-0.5256954	-0.8038177	-1.635584	-1.418421	-3.704988	-1.539846	-2.217326	-1.759253	-0.9481403	-0.7029156	-0.6510843	-1.068713	-0.8809028	-1.396862	-1.100824	-1.450389	-3.454902	-0.6184475	0.6792605	6.874961	0.3403274	282.0726	272.9263	0	0	331.6298	276.2594	398.994	276.2149	0	0	447.41	272.399	366.9801	348.8912	0	0						
AFDES	20160317	Medit M01sadnessface Forward-4	0	MALE	test	TestImage	Emotient FACET	1200	1200			28	1200	1	217	196	280	280	-4.548571	0	-2.901214	0	0.3524227	0	-1.028036	0	-0.8994092	0	-2.525041	0	-0.8583664	0	-1.742122	0	-2.681859	0	1.855548	0	-4.548571	0	-0.8583664	0	0.5177738	0.6026218	-0.6083887	-0.8604589	-1.638346	-1.368218	-3.425918	-1.29745	-2.110459	-1.6371	-0.8135274	-0.5245519	-0.3889282	-1.007476	-0.8921962	-1.222442	-1.184586	-1.488885	-3.426668	-0.5885324	0.2494078	7.557481	0.6754716	282.0343	273.5017	0	0	332.0832	276.7522	399.3359	276.1042	0	0	447.9517	271.7222	367.1065	349.0191	0	0						
AFDES	20160317	Medit M01sadnessface Forward-4	0	MALE	test	TestImage	Emotient FACET	1240	1240			29	1240	1	217	197	280	280	-4.534509	0	-2.645037	0	0.2704608	0	-1.061264	0	-0.8723722	0	-2.271102	0	-0.6328894	0	-1.555236	0	-2.497713	0	1.726606	0	-4.534509	0	-0.6328894	0	0.5842289	0.619097	-0.604042	-0.8916969	-1.410779	-1.223588	-3.318558	-1.08403	-1.9688	-1.532568	-0.6331336	-0.3893854	-0.1945572	-1.050895	-0.8187946	-1.034999	-1.283494	-1.512095	-3.413685	-0.5054914	0.1210233	7.081974	0.9389079	283.2863	275.2644	0	0	333.2284	278.6866	399.5948	276.2018	0	0	449.0604	271.8776	364.4415	351.0086	0	0						
AFDES	20160317	Medit M01sadnessface Forward-4	0	MALE	test	TestImage	Emotient FACET	1280	1280			30	1280	1	224	204	268	268	-4.458335	0	-2.322332	0	-1.841295	0	-1.501384	0	-0.663272	0	-1.044976	0	0.03048393	0	-0.4654146	0	-1.711119	0	1.236781	0	-4.458335	0	0.03048393	0	1.298247	1.29109	-0.2712663	-2.795575	-0.9202828	-1.171733	-1.888659	-0.5309857	-1.543946	-1.41027	-0.5919497	-0.6964434	-0.03919765	-0.7559956	-0.6835902	-0.9030008	-0.8209352	-1.440833	-2.8082	1.828169	-0.8354148	6.030471	0.4791614	284.3333	283.0595	0	0	338.3712	279.7981	394.1892	278.3557	0	0	446.5361	278.7354	365.1265	350.5821	0	0						
AFDES	20160317	Medit M01sadnessface Forward-4	0	MALE	test	TestImage	Emotient FACET	1320	1320			31	1320	1	219	201	278	278	-4.470544	0	-1.947284	0	-2.084707	0	-2.436895	0	-0.9150815	0	-0.9253241	0	0.0122015	0	-0.3613493	0	-1.505685	0	1.305892	0	-4.470544	0	0.0122015	0	0.6857064	0.7185492	-0.4083548	-2.694994	-0.9265392	-0.8877833	-1.680914	-0.4403138	-1.48201	-1.188711	-0.534336	-0.2164301	0.2304529	-0.8888513	-0.4697262	-0.5253902	-1.031273	-1.181222	-2.926722	1.451095	-0.8470167	6.189399	0.6623043	280.58	281.5551	0	0	337.7772	280.871	395.63	277.6788	0	0	448.8112	278.2386	366.0443	352.9026	0	0						
AFDES	20160317	Medit M01sadnessface Forward-4	0	MALE	test	TestImage	Emotient FACET	1360	1360			32	1360	1	216	198	283	283	-4.459408	0	-1.591459	0	-0.8720922	0	-1.722198	0	-1.121798	0	-1.214434	0	-0.05323036	0	-0.2764875	0	-1.264585	0	1.269935	0	-4.459408	0	-0.05323036	0	0.2665454	0.3001789	-0.3052034	-1.740426	-0.8854169	-0.689016	-1.968786	-0.5400259	-1.643584	-1.237607	-0.2674087	-0.01861958	0.256493	-0.9089025	-0.2760092	-0.3823009	-0.9858494	-1.04189	-2.649966	0.1378125	-0.283212	5.986391	0.8156894	282.3971	278.6899	0	0	334.7458	280.0438	397.6202	279.3787	0	0	453.6904	276.5073	365.364	352.2984	0	0						
AFDES	20160317	Medit M01sadnessface Forward-4	0	MALE	test	TestImage	Emotient FACET	1400	1400			33	1400	1	217	200	281	281	-4.355248	0	-1.545424	0	-0.3309643	0	-1.030269	0	-0.9632972	0	-1.537648	0	-0.02376409	0	-0.6317865	0	-1.40384	0	1.238752	0	-4.355248	0	-0.02376409	0	0.2743462	0.2385354	-0.2784809	-0.9136072	-1.059667	-0.8766473	-2.161546	-0.5456128	-1.776639	-1.238054	-0.03690888	0.107326	0.08113949	-0.9764052	-0.4049928	-0.4488868	-1.220022	-1.197532	-2.78771	-0.2808132	-0.3373083	5.758447	0.9669632	284.2185	278.4203	0	0	333.9316	280.3748	399.0941	278.7243	0	0	450.0929	275.8015	365.6303	355.2546	0	0						
AFDES	20160317	Medit M01sadnessface Forward-4	0	MALE	test	TestImage	Emotient FACET	1440	1440			34	1440	1	217	199	281	281	-4.474165	0	-1.127183	0	-0.5523021	0	-1.102324	0	-0.9982055	0	-1.296421	0	0.07486282	0	-0.3263022	0	-1.064937	0	1.117654	0	-4.474165	0	0.07486282	0	0.1647658	0.1265845	-0.1751712	-0.8994783	-1.004056	-0.7678474	-1.707635	-0.4606135	-1.872439	-1.278221	0.09036689	0.2501635	0.1185563	-0.9861079	-0.3920933	-0.4246843	-1.347338	-1.271864	-2.793335	-0.3206793	-0.5694573	6.35738	1.253599	283.7258	276.4491	0	0	334.1221	280.6769	398.6086	278.065	0	0	448.6009	273.7907	366.2772	356.3176	0	0						
AFDES	20160317	Medit M01sadnessface Forward-4	0	MALE	test	TestImage	Emotient FACET	1480	1480			35	1480	1	215	198	284	284	-4.228588	0	-1.024325	0	-0.4908486	0	-0.9350509	0	-1.054868	0	-1.156818	0	0.2596211	0	-0.1162037	0	-0.8738216	0	1.000725	0	-4.228588	0	0.2596211	0	0.135612	0.09690151	-0.05971837	-0.8684311	-0.9421644	-0.6821115	-1.661407	-0.3377817	-1.800392	-1.234905	0.2002087	0.3322601	0.002944904	-0.8570226	-0.3358079	-0.3395436	-1.176899	-1.092834	-2.486485	-0.4692693	-0.969601	6.25208	1.337806	283.0018	276.7557	0	0	334.0894	280.8031	397.8289	277.8065	0	0	448.8892	273.6147	365.899	358.1544	0	0						
AFDES	20160317	Medit M01sadnessface Forward-4	0	MALE	test	TestImage	Emotient FACET	1520	1520			36	1520	1	216	198	283	283	-4.306645	0	-1.001632	0	-0.4996789	0	-0.9224855	0	-1.080555	0	-1.135362	0	0.1753991	0	-0.2402076	0	-0.9801322	0	0.9596144	0	-4.306645	0	0.1753991	0	0.1311781	0.09530202	-0.1371469	-0.8315909	-0.9441453	-0.6960722	-1.700838	-0.3454123	-1.804583	-1.273797	0.1321967	0.2522098	0.03622866	-0.8496002	-0.4043192	-0.4125751	-1.201277	-1.132508	-2.63988	-0.3457896	-0.7400428	5.927498	1.495843	283.8922	276.3721	0	0	333.9326	280.5966	398.9043	277.678	0	0	448.9201	273.6969	366.4658	357.2764	0	0						
AFDES	20160317	Medit M01sadnessface Forward-4	0	MALE	test	TestImage	Emotient FACET	1560	1560			37	1560	1	216	199	284	284	-3.970669	0	-1.051709	0	-0.4519364	0	-0.8892562	0	-1.090709	0	-0.9944232	0	0.216283	0	-0.1508333	0	-0.9124275	0	0.9042214	0	-3.970669	0	0.216283	0	0.1490554	0.1058006	-0.05875411	-0.8604974	-0.8015462	-0.5973375	-1.718469	-0.2542329	-1.654693	-1.224934	0.08904527	0.1961886	-0.1058836	-0.8040435	-0.4188354	-0.4124422	-1.035552	-1.041069	-2.480898	-0.4409961	-0.3604593	6.542395	1.210523	283.1818	277.349	0	0	334.1475	281.0397	398.7711	278.3772	0	0	449.5643	274.1973	367.0832	357.9554	0	0						
AFDES	20160317	Medit M01sadnessface Forward-4	0	MALE	test	TestImage	Emotient FACET	1600	1600			38	1600	1	215	199	286	286	-4.180461	0	-1.089503	0	-0.6863726	0	-1.430107	0	-1.059946	0	-1.249528	0	0.5962065	0	0.08234924	0	-0.7177462	0	0.7543327	0	-4.180461	0	0.5962065	0	0.2684433	0.1380963	0.03279292	-1.25312	-1.031957	-0.8013949	-1.61741	-0.2986993	-1.684127	-1.138272	0.09197379	0.4656135	0.3392841	-1.12702	-0.2691026	-0.123283	-1.306685	-1.066853	-2.540117	-0.3657328	-0.6618034	6.759636	1.142139	282.6008	278.0357	0	0	335.1761	281.3862	399.4918	280.0771	0	0	452.0846	277.0586	367.5244	357.9782	0	0						
AFDES	20160317	Medit M01sadnessface Forward-4	0	MALE	test	TestImage	Emotient FACET	1640	1640			39	1640	1	223	207	273	273	-4.042462	0	-1.811508	0	-2.274468	0	-1.634976	0	-0.8120688	0	-1.063524	0	0.9175218	0	-0.0469078	0	-1.127097	0	0.7357454	0	-4.042462	0	0.9175218	0	0.9342628	0.7987092	-0.08027301	-2.48359	-0.8295086	-1.001519	-1.562863	0.07568816	-1.230642	-0.8798791	0.1896093	0.210471	-0.1508127	-0.6001627	-0.312321	-0.0306121	-1.205994	-1.221622	-2.171914	0.8514373	-0.6729586	6.42748	1.372321	283.0454	286.8946	0	0	341.0211	284.6934	394.3974	282.2753	0	0	449.0491	283.0439	368.1749	357.4554	0	0						
AFDES	20160317	Medit M01sadnessface Forward-4	0	MALE	test	TestImage	Emotient FACET	1680	1680			40	1680	1	215	202	288	288	-3.540284	0	-1.095628	0	-1.716977	0	-1.82523	0	-0.9186301	0	-0.5955549	0	0.5345117	0	0.3960234	0	-0.3748983	0	0.6239516	0	-3.540284	0	0.5345117	0	0.5471383	0.4408306	0.1670812	-1.861375	-0.7370337	-0.4257884	-1.205092	-0.06537434	-1.416942	-1.017927	-0.2664911	0.1215889	-0.07156309	-0.7591795	-0.2738382	-0.06592505	-0.8910259	-0.9836063	-1.918594	0.1346176	0.0502045	6.7806	0.6777057	282.0677	284.1073	0	0	338.1906	284.2232	400.5704	283.0737	0	0	456.3962	281.6629	365.7386	358.335	0	0						
AFDES	20160317	Medit M01sadnessface Forward-4	0	MALE	test	TestImage	Emotient FACET	1720	1720			41	1720	1	216	201	285	285	-3.815056	0	-1.04385	0	-0.9881145	0	-1.591053	0	-1.116782	0	-0.9265504	0	0.6196597	0	0.2269721	0	-0.7008881	0	0.5366821	0	-3.815056	0	0.6196597	0	0.2854277	0.08450813	0.2344684	-1.139794	-0.5871095	-0.3384122	-1.290867	-0.08129112	-1.542009	-1.144757	0.03579138	0.3172579	0.2968374	-1.049558	-0.2906676	-0.2347867	-1.047653	-0.9013467	-2.581461	-0.4594127	-0.9900925	5.305059	1.103935	283.722	279.5619	0	0	335.6965	283.073	399.6112	281.8752	0	0	453.4804	278.1949	368.284	358.2151	0	0						
AFDES	20160317	Medit M01sadnessface Forward-4	0	MALE	test	TestImage	Emotient FACET	1760	1760			42	1760	1	217	199	286	286	-3.61876	0	-0.9205171	0	-0.7728459	0	-1.127522	0	-1.116013	0	-0.6474531	0	0.4835542	0	0.2086473	0	-0.6778222	0	0.4601857	0	-3.61876	0	0.4835542	0	0.2773321	0.07859348	0.3366095	-1.003817	-0.4479841	-0.2373899	-1.324836	-0.02264851	-1.468803	-1.155347	-0.04773137	0.1023875	0.06101089	-0.8962672	-0.4037537	-0.2818788	-0.9498546	-1.017554	-2.524926	-0.370599	-0.8270182	6.718785	0.9410871	283.5763	278.4243	0	0	335.8007	282.3491	400.8712	280.7972	0	0	451.8979	275.1871	369.9592	358.4507	0	0						
AFDES	20160317	Medit M01sadnessface Forward-4	0	MALE	test	TestImage	Emotient FACET	1800	1800			43	1800	1	219	200	283	283	-3.737684	0	-0.905915	0	-0.814445	0	-0.7851397	0	-1.095012	0	-0.7145841	0	0.4948944	0	0.2098349	0	-0.7328118	0	0.5216404	0	-3.737684	0	0.4948944	0	0.3229102	0.09662933	0.2544874	-0.878163	-0.3897953	-0.2607811	-1.313289	0.01474241	-1.438366	-1.179334	0.05841496	0.0671508	0.07920791	-0.743651	-0.4516458	-0.3983662	-1.000899	-1.10497	-2.634195	-0.2853882	-1.092623	6.563009	1.097066	284.5544	278.5613	0	0	336.2893	281.992	401.3401	280.4965	0	0	450.1733	274.2132	368.8217	358.0356	0	0						
AFDES	20160317	Medit M01sadnessface Forward-4	0	MALE	test	TestImage	Emotient FACET	1840	1840			44	1840	1	218	199	284	284	-3.824351	0	-0.7280991	0	-0.7586877	0	-0.8028701	0	-1.180963	0	-0.7109802	0	0.470876	0	0.3520065	0	-0.5983403	0	0.4250789	0	-3.824351	0	0.470876	0	0.3224759	0.03186916	0.3833013	-0.8955458	-0.3863465	-0.2336763	-1.159495	-0.04181939	-1.489471	-1.178627	-0.04789898	0.02675219	0.1630081	-0.7392498	-0.4406727	-0.387515	-0.9173705	-1.043074	-2.612172	-0.2038383	-0.9846432	6.525383	0.8771805	284.2244	278.0131	0	0	336.2844	282.1814	401.4194	280.6286	0	0	451.325	274.5885	368.7804	357.5014	0	0						
AFDES	20160317	Medit M01sadnessface Forward-4	0	MALE	test	TestImage	Emotient FACET	1880	1880			45	1880	1	219	200	284	284	-4.09374	0	-0.8111726	0	-0.6650502	0	-0.7238209	0	-1.204703	0	-0.8359389	0	0.5360501	0	0.3385189	0	-0.6990929	0	0.4185996	0	-4.09374	0	0.5360501	0	0.4394925	0.1073791	0.4295338	-0.8155869	-0.4152426	-0.2664688	-1.241554	-0.1054626	-1.550719	-1.231678	-0.1144297	-0.07187719	0.2150459	-0.7843419	-0.4774383	-0.4653518	-0.9401205	-1.16937	-2.831329	-0.2631299	-0.7241388	6.949565	0.704295	285.1051	278.37	0	0	337.095	282.0799	402.8549	280.5544	0	0	451.1506	274.1133	368.7674	358.14	0	0						
AFDES	20160317	Medit M01sadnessface Forward-4	0	MALE	test	TestImage	Emotient FACET	1920	1920			46	1920	1	218	200	284	284	-4.307629	0	-0.9523279	0	-0.5690626	0	-0.7936825	0	-1.165536	0	-1.076926	0	0.6981351	0	0.2851472	0	-0.7850024	0	0.438382	0	-4.307629	0	0.6981351	0	0.5822321	0.2239497	0.466431	-0.7513461	-0.4315848	-0.2728317	-1.317995	-0.2360507	-1.578001	-1.208732	-0.09293994	-0.08426361	0.3737345	-0.9214842	-0.4428287	-0.4072486	-0.9715303	-1.158241	-2.922034	-0.2980194	-0.8204258	7.115551	0.6987757	285.378	278.1049	0	0	336.959	282.3602	401.4207	280.498	0	0	451.1636	274.6343	369.7721	359.674	0	0						
AFDES	20160317	Medit M01sadnessface Forward-4	0	MALE	test	TestImage	Emotient FACET	1960	1960			47	1960	1	218	200	285	285	-4.440445	0	-0.9325188	0	-0.7005829	0	-0.8304031	0	-1.242715	0	-0.997501	0	0.8060654	0	0.3201309	0	-0.7637078	0	0.299352	0	-4.440445	0	0.8060654	0	0.6814815	0.2646629	0.5954722	-0.8203087	-0.348573	-0.1418807	-1.261555	-0.179614	-1.591354	-1.216952	-0.02098848	-0.02570542	0.3870732	-0.9218673	-0.4369157	-0.3372577	-0.9856008	-1.188713	-2.921753	-0.4159262	-0.7810324	7.137627	0.7451722	284.5648	279.0194	0	0	337.0914	283.0539	402.0337	280.528	0	0	451.3603	274.7516	369.6239	359.6888	0	0						
AFDES	20160317	Medit M01sadnessface Forward-4	0	MALE	test	TestImage	Emotient FACET	2000	2000			48	2000	1	222	205	278	278	-4.775626	0	-1.580267	0	-1.250024	0	-1.389813	0	-1.173848	0	-1.367294	0	1.108922	0	0.1548453	0	-1.226127	0	0.3248473	0	-4.775626	0	1.108922	0	1.314933	0.818995	0.4128984	-1.837724	-0.5699256	-0.588386	-1.544155	-0.2467249	-1.443549	-1.036163	-0.1713294	-0.08073401	0.6115922	-0.9766058	-0.4761344	-0.1579791	-0.9047346	-1.081867	-2.569557	0.6470959	0.5621254	6.846207	1.004201	285.7323	282.9289	0	0	340.6865	283.2692	399.2358	283.8445	0	0	452.6917	281.4988	370.744	358.7663	0	0						
AFDES	20160317	Medit M01sadnessface Forward-4	0	MALE	test	TestImage	Emotient FACET	2040	2040			49	2040	1	220	204	280	280	-4.986621	0	-1.578835	0	-2.036754	0	-1.657096	0	-1.116787	0	-1.348874	0	1.166985	0	0.2374934	0	-1.103784	0	0.1502566	0	-4.986621	0	1.166985	0	1.406182	0.8171647	0.437183	-2.254668	-0.6523641	-0.6528475	-1.26554	-0.2627879	-1.471115	-0.984735	-0.1713721	-0.05950569	0.373477	-0.9740558	-0.4474376	-0.1514098	-0.9928133	-1.074792	-2.590013	0.9604779	-0.4983672	6.465138	0.9954681	283.1404	282.7891	0	0	342.4999	283.5626	397.7064	283.8347	0	0	452.496	282.7538	368.9279	358.8987	0	0						
AFDES	20160317	Medit M01sadnessface Forward-4	0	MALE	test	TestImage	Emotient FACET	2080	2080			50	2080	1	218	202	284	284	-4.937346	0	-1.467708	0	-1.141676	0	-1.494599	0	-1.333123	0	-1.364043	0	1.153301	0	0.2313772	0	-1.100201	0	-0.05731279	0	-4.937346	0	1.153301	0	1.433048	0.7141419	0.8736851	-1.488125	-0.4599333	-0.2675222	-1.525816	-0.3140125	-1.581889	-0.9929755	-0.1736893	0.009142761	0.6887996	-1.09002	-0.5565692	-0.1165559	-0.893905	-1.047707	-2.810088	-0.103968	-0.4955673	7.226279	0.6045853	284.8513	281.8181	0	0	338.4346	282.8114	399.6873	282.1831	0	0	455.0372	281.0912	370.0317	358.9081	0	0						
AFDES	20160317	Medit M01sadnessface Forward-4	0	MALE	test	TestImage	Emotient FACET	2120	2120			51	2120	1	216	199	285	285	-4.774184	0	-1.113614	0	-0.4914639	0	-0.9070646	0	-1.424737	0	-1.217049	0	0.9758648	0	0.3012053	0	-0.9797882	0	0.1673936	0	-4.774184	0	0.9758648	0	0.9538857	0.3907146	0.7698466	-0.9212235	-0.3813386	-0.2948408	-1.197332	-0.3143139	-1.685504	-1.179429	-0.1190203	-0.1175055	0.6047344	-0.9462913	-0.4633701	-0.3485779	-0.6436272	-0.9184417	-2.968229	-0.1362758	-1.330082	7.080726	0.5550216	284.2131	277.8115	0	0	335.3581	281.4626	400.1931	281.0684	0	0	451.7433	276.2397	368.2527	359.283	0	0						
AFDES	20160317	Medit M01sadnessface Forward-4	0	MALE	test	TestImage	Emotient FACET	2160	2160			52	2160	1	215	198	288	288	-4.877876	0	-1.030627	0	-0.2667565	0	-0.8822804	0	-1.472136	0	-1.24619	0	0.8993674	0	0.3393421	0	-0.931486	0	0.0835427	0	-4.877876	0	0.8993674	0	0.9445031	0.3625153	0.8802066	-0.7603016	-0.4779044	-0.2523642	-1.244948	-0.3718889	-1.731315	-1.190283	-0.2251234	-0.1556761	0.7498821	-1.019415	-0.3994827	-0.3607267	-0.5827417	-0.8991561	-3.003935	-0.3152065	-1.148992	7.303783	0.5592868	282.5313	277.0302	0	0	335.5593	282.3907	403.1837	281.1938	0	0	450.9974	274.9823	369.0274	359.1617	0	0						
AFDES	20160317	Medit M01sadnessface Forward-4	0	MALE	test	TestImage	Emotient FACET	2200	2200			53	2200	1	215	198	289	289	-4.927284	0	-0.8799561	0	-0.1348021	0	-0.7505822	0	-1.569474	0	-1.116184	0	0.791244	0	0.3801801	0	-0.911198	0	0.0183588	0	-4.927284	0	0.791244	0	0.9418118	0.3389553	0.9452407	-0.6769013	-0.4809205	-0.2259323	-1.129574	-0.3828014	-1.809037	-1.295569	-0.3843231	-0.2522537	0.6834379	-1.127618	-0.4446564	-0.502859	-0.5298181	-0.9125705	-3.057111	-0.1632764	-0.7967302	7.021314	0.6096673	281.5965	276.7623	0	0	335.2976	282.1973	403.1754	280.3595	0	0	451.0042	274.7579	369.7544	358.343	0	0						
AFDES	20160317	Medit M01sadnessface Forward-4	0	MALE	test	TestImage	Emotient FACET	2240	2240			54	2240	1	216	199	287	287	-4.781304	0	-1.203781	0	0.1590035	0	-0.5515236	0	-1.607149	0	-1.340264	0	0.6934145	0	0.1431825	0	-1.260845	0	-0.06988429	0	-4.781304	0	0.6934145	0	1.120219	0.5168944	0.9593973	-0.5666062	-0.5590521	-0.3707415	-1.400777	-0.4641475	-1.802595	-1.314229	-0.5400009	-0.4553405	0.4545229	-1.076646	-0.5921138	-0.7422093	-0.2328951	-0.6618978	-2.985427	-0.1093548	-0.7427925	7.198654	0.4465562	282.7531	277.1837	0	0	335.6774	281.7652	403.2502	280.0331	0	0	449.9037	275.4684	368.6674	359.1213	0	0						
AFDES	20160317	Medit M01sadnessface Forward-4	0	MALE	test	TestImage	Emotient FACET	2280	2280			55	2280	1	217	198	286	286	-4.557307	0	-1.238026	0	0.1102794	0	-0.3738783	0	-1.54732	0	-1.278311	0	0.7892902	0	0.1014216	0	-1.290272	0	-0.04169264	0	-4.557307	0	0.7892902	0	1.216507	0.6061175	0.977253	-0.4757279	-0.529646	-0.3458553	-1.504385	-0.4321702	-1.71301	-1.232626	-0.4700065	-0.4172786	0.4171888	-1.003479	-0.6046827	-0.6995285	-0.3733668	-0.7879904	-2.922094	-0.1496321	-0.6544234	7.546884	0.3981141	283.7917	276.8965	0	0	336.0103	281.6829	403.3442	280.2038	0	0	450.5097	273.6123	368.7051	358.6759	0	0						
AFDES	20160317	Medit M01sadnessface Forward-4	0	MALE	test	TestImage	Emotient FACET	2320	2320			56	2320	1	217	198	285	285	-4.479895	0	-1.289197	0	0.09289411	0	-0.298179	0	-1.564081	0	-1.203482	0	0.8097721	0	-0.02598526	0	-1.426636	0	-0.132954	0	-4.479895	0	0.8097721	0	1.237005	0.6034302	0.9098369	-0.4574018	-0.4540641	-0.3516515	-1.542719	-0.3495662	-1.600797	-1.199729	-0.3383787	-0.3062729	0.3774574	-1.018987	-0.605127	-0.6177636	-0.4939575	-0.864989	-2.890295	-0.2530052	-0.7817823	7.173971	0.2636919	283.5831	276.3742	0	0	336.1424	280.8763	403.4253	278.8242	0	0	450.2875	273.7294	369.3132	356.9439	0	0						
AFDES	20160317	Medit M01sadnessface Forward-4	0	MALE	test	TestImage	Emotient FACET	2360	2360			57	2360	1	217	197	284	284	-4.441311	0	-1.275388	0	0.1572787	0	-0.1693463	0	-1.661995	0	-1.124601	0	0.7535928	0	-0.09278811	0	-1.519847	0	-0.241861	0	-4.441311	0	0.7535928	0	1.319591	0.6566809	0.9526686	-0.444359	-0.3635076	-0.3103171	-1.529126	-0.2934603	-1.583101	-1.221705	-0.3526405	-0.4241846	0.2419808	-0.9976082	-0.6991259	-0.7346651	-0.3891507	-0.8125367	-2.920015	-0.0544379	-0.7622271	7.033931	0.1926483	283.7882	274.8791	0	0	336.5336	279.763	401.6634	278.6953	0	0	449.6898	272.5897	369.0368	356.5804	0	0						
AFDES	20160317	Medit M01sadnessface Forward-4	0	MALE	test	TestImage	Emotient FACET	2400	2400			58	2400	1	218	197	283	283	-4.29182	0	-1.332167	0	0.1161103	0	-0.1252213	0	-1.599631	0	-0.9796363	0	0.8099954	0	-0.1848765	0	-1.611796	0	-0.237368	0	-4.29182	0	0.8099954	0	1.349773	0.6671358	0.9343236	-0.4435824	-0.323498	-0.3168996	-1.573215	-0.1686781	-1.519085	-1.199223	-0.3125633	-0.4140781	0.2423279	-0.9815809	-0.7604786	-0.7288198	-0.4212973	-0.8843982	-2.893871	-0.1190854	-1.427429	6.32845	0.02066095	284.584	274.6146	0	0	336.5522	278.9288	400.9944	278.0902	0	0	450.783	273.0935	369.7484	355.382	0	0						
AFDES	20160317	Medit M01sadnessface Forward-4	0	MALE	test	TestImage	Emotient FACET	2440	2440			59	2440	1	218	197	282	282	-4.338031	0	-1.314495	0	0.0643006	0	-0.1656848	0	-1.632029	0	-0.8644757	0	0.8490643	0	-0.1933075	0	-1.651408	0	-0.3334443	0	-4.338031	0	0.8490643	0	1.338303	0.613556	0.9267802	-0.4883945	-0.2217286	-0.2931266	-1.34472	-0.05698995	-1.468053	-1.193934	-0.1903294	-0.3714815	0.2074903	-0.885169	-0.7631544	-0.7249737	-0.403696	-0.8113099	-2.910463	-0.01330931	-0.9777787	6.704486	0.2518317	284.6397	273.8615	0	0	336.0191	278.6006	399.9911	277.693	0	0	450.1073	271.612	367.8716	355.1589	0	0						
AFDES	20160317	Medit M01sadnessface Forward-4	0	MALE	test	TestImage	Emotient FACET	2480	2480			60	2480	1	219	197	283	283	-4.193903	0	-1.528516	0	-0.2374766	0	-0.289933	0	-1.451201	0	-0.7259002	0	1.036467	0	-0.1360441	0	-1.651967	0	-0.2574086	0	-4.193903	0	1.036467	0	1.456468	0.644279	1.00401	-0.8756631	-0.1444489	-0.3006072	-1.4832	0.09914457	-1.328038	-1.063629	-0.2748577	-0.383169	0.3300864	-0.929823	-0.8565538	-0.5779142	-0.496525	-0.9551346	-2.804744	-0.05964159	-1.671611	5.952329	0.07963721	285.1016	274.3557	0	0	336.2358	278.8659	401.6631	278.5426	0	0	451.0507	272.0858	369.9643	354.9312	0	0						
AFDES	20160317	Medit M01sadnessface Forward-4	0	MALE	test	TestImage	Emotient FACET	2520	2520			61	2520	1	222	202	274	274	-4.114781	0	-2.374635	0	-1.94187	0	-1.503019	0	-1.189067	0	-0.4027558	0	1.247917	0	-0.3130615	0	-2.097759	0	-0.311528	0	-4.114781	0	1.247917	0	1.985445	1.163887	0.6202604	-2.488218	-0.2828712	-0.5318701	-1.389439	0.2165575	-1.017416	-1.09135	-0.1686704	-0.3679268	-0.02764226	-0.8713359	-0.8288365	-0.6874418	-0.3886713	-0.9885714	-2.567263	1.319762	-0.6314251	5.889835	0.1416033	286.1551	278.2925	0	0	342.4779	280.4472	395.8121	278.6941	0	0	451.08	279.5706	368.5009	355.5361	0	0						
AFDES	20160317	Medit M01sadnessface Forward-4	0	MALE	test	TestImage	Emotient FACET	2560	2560			62	2560	1	218	198	284	284	-4.554665	0	-1.907584	0	-1.002606	0	-1.121495	0	-1.495741	0	-0.9019639	0	1.202755	0	-0.02888215	0	-1.718761	0	-0.2421717	0	-4.554665	0	1.202755	0	1.750922	0.8695358	0.9777431	-1.695368	-0.3017852	-0.4013104	-1.566157	-0.04616563	-1.426557	-1.064014	-0.2416376	-0.3321409	0.3659462	-0.938046	-0.8748407	-0.4157383	-0.5416859	-1.00031	-2.805887	0.3141375	-0.3548812	5.616096	-0.08524463	286.2966	276.5019	0	0	338.0624	279.851	400.1893	279.2197	0	0	455.5309	276.743	367.7734	355.2623	0	0						
AFDES	20160317	Medit M01sadnessface Forward-4	0	MALE	test	TestImage	Emotient FACET	2600	2600			63	2600	1	218	197	285	285	-4.43578	0	-1.679103	0	-0.3942027	0	-0.3814714	0	-1.566167	0	-0.9020235	0	1.027614	0	-0.01334864	0	-1.676602	0	-0.1161008	0	-4.43578	0	1.027614	0	1.454118	0.632946	1.000299	-0.997969	-0.2619953	-0.3749354	-1.600137	0.0171583	-1.510483	-1.129682	-0.3261752	-0.4940261	0.1659924	-0.8407907	-0.9460822	-0.7121558	-0.4201045	-0.9204779	-2.898671	0.06934328	-1.903981	6.786816	-0.2006318	285.1521	274.1019	0	0	337.9449	279.3339	401.6451	278.9928	0	0	452.7159	274.2801	369.0483	356.2504	0	0						
AFDES	20160317	Medit M01sadnessface Forward-4	0	MALE	test	TestImage	Emotient FACET	2640	2640			64	2640	1	217	197	285	285	-4.343076	0	-1.622132	0	-0.227605	0	-0.2409926	0	-1.574342	0	-0.8972036	0	0.9617482	0	-0.05919791	0	-1.67436	0	-0.1362428	0	-4.343076	0	0.9617482	0	1.426448	0.6228856	1.015521	-0.7649409	-0.2382507	-0.3355816	-1.612145	0.000212603	-1.46448	-1.059664	-0.3923817	-0.5237207	0.1306283	-0.8925239	-0.9182907	-0.729248	-0.3925301	-0.8785304	-2.887825	-0.1487196	-1.853091	6.906307	0.1390688	283.8452	274.6587	0	0	337.4372	279.3209	402.2278	279.1532	0	0	452.7461	274.1467	370.1002	355.0919	0	0						
AFDES	20160317	Medit M01sadnessface Forward-4	0	MALE	test	TestImage	Emotient FACET	2680	2680			65	2680	1	219	197	284	284	-4.326667	0	-1.698491	0	-0.141215	0	-0.005336614	0	-1.561881	0	-0.9647545	0	0.9918224	0	-0.2033732	0	-1.794112	0	-0.226849	0	-4.326667	0	0.9918224	0	1.529854	0.6599489	1.024101	-0.6139368	-0.3293223	-0.412383	-1.845991	-0.04214315	-1.48174	-1.110112	-0.3002168	-0.5189359	0.03354949	-0.7677859	-0.969051	-0.7778409	-0.449804	-0.99527	-2.833367	-0.3211787	-1.449527	6.181258	-0.1414518	285.4863	274.2921	0	0	337.9028	278.8047	403.3123	279.1327	0	0	452.5939	274.3443	371.6311	355.1063	0	0						
AFDES	20160317	Medit M01sadnessface Forward-4	0	MALE	test	TestImage	Emotient FACET	2720	2720			66	2720	1	219	197	284	284	-4.274549	0	-1.634498	0	-0.1126337	0	-0.003156885	0	-1.559549	0	-1.011282	0	0.9523134	0	-0.1345204	0	-1.697921	0	-0.1602804	0	-4.274549	0	0.9523134	0	1.460887	0.6349339	0.9945434	-0.5924683	-0.353703	-0.4173373	-1.843726	-0.09022621	-1.498627	-1.120145	-0.3260036	-0.5256232	0.03203364	-0.7715659	-0.9432123	-0.7898607	-0.4603602	-0.97268	-2.840891	-0.2449527	-1.393221	6.221035	-0.07265846	285.7213	273.5094	0	0	337.9196	278.8667	402.6376	278.7419	0	0	452.5623	274.2266	371.8272	355.6486	0	0						
AFDES	20160317	Medit M01sadnessface Forward-4	0	MALE	test	TestImage	Emotient FACET	2760	2760			67	2760	1	218	196	286	286	-4.267379	0	-1.634625	0	-0.07686814	0	-0.0303458	0	-1.604272	0	-0.9300893	0	0.9395638	0	-0.1594532	0	-1.749485	0	-0.1976388	0	-4.267379	0	0.9395638	0	1.44096	0.6446931	1.012801	-0.5741612	-0.2493186	-0.3261409	-1.756616	-0.04338127	-1.465066	-1.096214	-0.3387459	-0.5159532	-0.02532019	-0.8131208	-0.9558141	-0.8038605	-0.3641558	-0.8631132	-2.875779	-0.2295113	-1.78618	6.328645	-0.1908893	284.9519	273.6086	0	0	337.653	278.6379	403.7119	279.1077	0	0	452.2278	272.8905	369.9993	355.861	0	0						
AFDES	20160317	Medit M01sadnessface Forward-4	0	MALE	test	TestImage	Emotient FACET	2800	2800			68	2800	1	219	196	285	285	-4.081122	0	-1.765071	0	-0.0867041	0	0.04147651	0	-1.541071	0	-0.9400491	0	0.9700244	0	-0.253734	0	-1.836588	0	-0.2959607	0	-4.081122	0	0.9700244	0	1.529984	0.6822222	1.011332	-0.60505	-0.2530879	-0.3608734	-1.893806	-0.04421106	-1.385725	-1.073352	-0.3371584	-0.5171665	-0.03499125	-0.7529432	-0.9616076	-0.7534039	-0.3617378	-0.8978053	-2.786783	-0.2726336	-1.626702	5.768035	-0.01959886	285.8051	273.6215	0	0	336.8552	277.7253	403.2381	277.7842	0	0	453.059	273.2971	371.8362	354.2841	0	0						
AFDES	20160317	Medit M01sadnessface Forward-4	0	MALE	test	TestImage	Emotient FACET	2840	2840			69	2840	1	219	196	284	284	-4.042475	0	-1.788953	0	-0.04926028	0	-0.02163902	0	-1.526892	0	-0.889044	0	0.9670095	0	-0.3189511	0	-1.938009	0	-0.3268547	0	-4.042475	0	0.9670095	0	1.501469	0.6986044	0.9778093	-0.5997561	-0.2258384	-0.3598042	-1.868587	0.01285078	-1.301064	-1.050109	-0.3328777	-0.4863091	0.003979692	-0.7922019	-0.9214575	-0.7201009	-0.3914687	-0.9070742	-2.81073	-0.3922081	-1.169091	5.577587	-0.1394005	286.6046	273.3435	0	0	336.6831	277.6232	403.3528	277.2424	0	0	453.4335	272.2255	372.1047	354.0157	0	0						
AFDES	20160317	Medit M01sadnessface Forward-4	0	MALE	test	TestImage	Emotient FACET	2880	2880			70	2880	1	219	195	284	284	-4.142265	0	-1.867403	0	0.02362688	0	0.1396948	0	-1.60451	0	-0.9844183	0	0.8999409	0	-0.3906378	0	-2.050853	0	-0.4747723	0	-4.142265	0	0.8999409	0	1.598322	0.7335193	0.9898002	-0.5467305	-0.2475646	-0.3940432	-1.923748	-0.01855082	-1.351899	-1.100086	-0.3024239	-0.4960054	-0.1024908	-0.7109246	-0.9671824	-0.7811316	-0.3245815	-0.8600228	-2.766361	-0.2665575	-0.9664533	5.994359	-0.01998803	286.417	272.3849	0	0	338.4339	277.1249	403.9323	276.6341	0	0	453.1451	271.6891	371.0781	353.5711	0	0						
AFDES	20160317	Medit M01sadnessface Forward-4	0	MALE	test	TestImage	Emotient FACET	2920	2920			71	2920	1	220	195	283	283	-4.115156	0	-1.761054	0	-0.04380773	0	0.09078383	0	-1.590694	0	-0.9013223	0	0.9363931	0	-0.3731579	0	-2.007488	0	-0.532911	0	-4.115156	0	0.9363931	0	1.583047	0.7118816	0.9957517	-0.5666265	-0.2302458	-0.3801117	-1.790499	-0.02674931	-1.336192	-1.129611	-0.1854879	-0.416263	-0.01609943	-0.7017373	-0.8899719	-0.7376227	-0.4292006	-0.9404213	-2.673886	-0.3581809	-0.9437935	6.059555	-0.1039409	287.188	271.8469	0	0	338.3476	276.2662	404.1174	276.0804	0	0	453.5624	270.8931	372.4867	352.3783	0	0						
AFDES	20160317	Medit M01sadnessface Forward-4	0	MALE	test	TestImage	Emotient FACET	2960	2960			72	2960	1	221	195	283	283	-4.036313	0	-1.863727	0	-0.05841942	0	0.0641509	0	-1.514401	0	-1.015485	0	0.9285578	0	-0.4832642	0	-2.084138	0	-0.597527	0	-4.036313	0	0.9285578	0	1.64448	0.7563522	0.9498029	-0.4853695	-0.236269	-0.4257244	-1.955194	-0.06401745	-1.251757	-1.05315	-0.141972	-0.3718759	-0.07184745	-0.7650615	-0.8793034	-0.6534713	-0.4865641	-0.9940533	-2.667174	-0.5430697	-0.7390051	6.240049	-0.3744546	288.118	272.4669	0	0	337.9458	276.8151	404.1979	276.0176	0	0	454.3652	271.3707	373.4812	352.5176	0	0						
AFDES	20160317	Medit M01sadnessface Forward-4	0	MALE	test	TestImage	Emotient FACET	3000	3000			73	3000	1	220	194	283	283	-3.883716	0	-1.74277	0	0.002993455	0	0.0383026	0	-1.510508	0	-0.9789363	0	0.8870735	0	-0.3721808	0	-1.877798	0	-0.5311881	0	-3.883716	0	0.8870735	0	1.648261	0.7562954	1.019168	-0.7016457	-0.2886206	-0.4436441	-1.624343	-0.1114744	-1.417237	-1.166111	-0.230064	-0.439338	0.01803439	-0.7057205	-0.866315	-0.7277033	-0.3077313	-0.849914	-2.456584	-0.09942953	-0.7072484	5.676414	-0.3882013	286.9435	270.9211	0	0	338.314	276.2864	404.7094	275.3974	0	0	453.3533	270.8946	371.3717	351.5536	0	0						
AFDES	20160317	Medit M01sadnessface Forward-4	0	MALE	test	TestImage	Emotient FACET	3040	3040			74	3040	1	221	195	283	283	-3.89386	0	-1.979296	0	-0.1793356	0	-0.2412223	0	-1.399994	0	-1.139568	0	1.204559	0	-0.3201074	0	-1.852698	0	-0.5118226	0	-3.89386	0	1.204559	0	1.769228	0.7842043	0.9871924	-1.00384	-0.3428903	-0.560886	-1.836565	-0.1845146	-1.337191	-1.014696	-0.07460251	-0.2144445	0.2494167	-0.865319	-0.7709931	-0.4026391	-0.5112144	-0.9482285	-2.264648	-0.1030467	-0.7548112	5.551443	-0.1277087	288.0288	271.8903	0	0	338.8645	276.728	404.5259	275.5751	0	0	455.1062	272.1923	373.2482	352.0778	0	0						
AFDES	20160317	Medit M01sadnessface Forward-4	0	MALE	test	TestImage	Emotient FACET	3080	3080			75	3080	1	225	200	275	275	-3.983692	0	-2.718637	0	-1.731893	0	-1.167524	0	-1.298421	0	-0.6149051	0	1.375822	0	-0.6477277	0	-2.31687	0	-0.6133738	0	-3.983692	0	1.375822	0	2.593505	1.369529	0.683129	-2.550099	-0.5311841	-0.7452933	-1.745479	-0.06911469	-1.18746	-1.092527	-0.1695564	-0.2634371	-0.003716523	-0.9752001	-0.894793	-0.5106768	-0.3873315	-0.9929656	-2.055683	1.891092	-0.7841901	5.607465	-0.3182222	289.7204	274.5665	0	0	345.1432	277.1477	399.7288	277.9105	0	0	454.3849	278.3445	372.4077	353.1651	0	0						
AFDES	20160317	Medit M01sadnessface Forward-4	0	MALE	test	TestImage	Emotient FACET	3120	3120			76	3120	1	221	198	280	280	-3.83462	0	-2.353603	0	-1.493154	0	-1.260107	0	-1.181707	0	-0.8613412	0	1.390112	0	-0.2663655	0	-1.929341	0	-0.5417066	0	-3.83462	0	1.390112	0	2.333723	1.238023	0.9134533	-2.086976	-0.1481534	-0.3236274	-1.552253	-0.2328369	-1.100394	-0.8870192	-0.1384691	-0.2004326	0.1316873	-0.7648385	-0.7620488	-0.2907195	-0.4676654	-0.9434844	-2.022702	0.9451469	-0.7015827	5.773929	-0.2706542	284.3452	274.3733	0	0	344.0474	276.9022	400.3728	277.6378	0	0	453.9095	277.915	372.9662	352.1459	0	0						
AFDES	20160317	Medit M01sadnessface Forward-4	0	MALE	test	TestImage	Emotient FACET	3160	3160			77	3160	1	219	195	285	285	-3.817367	0	-2.271771	0	-0.473608	0	-0.4098524	0	-1.184378	0	-1.195381	0	1.323921	0	-0.2918679	0	-1.886258	0	-0.4476682	0	-3.817367	0	1.323921	0	2.014441	0.8949655	1.074089	-1.319394	-0.3041379	-0.5366443	-2.045002	-0.2212249	-1.278681	-0.8156612	-0.1940126	-0.2828218	0.1513388	-0.7594159	-0.8732177	-0.3178194	-0.5318186	-0.9895395	-2.230048	-0.04321365	-0.7301425	5.275517	-0.2375935	287.2938	273.1562	0	0	338.1904	277.959	403.5861	275.9245	0	0	455.1833	273.3813	370.9272	354.0497	0	0						
AFDES	20160317	Medit M01sadnessface Forward-4	0	MALE	test	TestImage	Emotient FACET	3200	3200			78	3200	1	219	195	283	283	-3.846504	0	-2.083819	0	-0.2002278	0	-0.0454454	0	-1.310768	0	-1.120616	0	1.120501	0	-0.3587676	0	-1.926206	0	-0.4854955	0	-3.846504	0	1.120501	0	1.891611	0.8315036	1.057564	-0.8205501	-0.2949374	-0.5106788	-1.914729	-0.2273194	-1.325431	-0.9363165	-0.2118913	-0.3660106	-0.0001136756	-0.6798111	-0.8952281	-0.5587325	-0.3948202	-0.9659438	-2.396755	-0.2744876	-0.6175782	5.941432	-0.1633272	286.1807	272.8658	0	0	337.3472	277.4234	403.2765	275.5348	0	0	452.4674	272.2003	371.0366	353.1957	0	0						
AFDES	20160317	Medit M01sadnessface Forward-4	0	MALE	test	TestImage	Emotient FACET	3240	3240			79	3240	1	218	194	285	285	-3.867785	0	-2.081232	0	-0.1901999	0	0.07989696	0	-1.259961	0	-1.22138	0	1.110728	0	-0.3415209	0	-1.894024	0	-0.4584123	0	-3.867785	0	1.110728	0	1.858584	0.774711	1.083708	-0.7741641	-0.3694974	-0.5184251	-2.080844	-0.1875755	-1.317019	-0.8909332	-0.2676091	-0.3940931	0.02970577	-0.6896864	-0.9520375	-0.5063444	-0.4603416	-0.952379	-2.332113	-0.3364728	-0.9044718	5.747475	-0.01523718	286.4616	272.3057	0	0	336.7634	277.043	404.6108	275.421	0	0	453.4601	272.1182	370.6116	353.1904	0	0						
AFDES	20160317	Medit M01sadnessface Forward-4	0	MALE	test	TestImage	Emotient FACET	3280	3280			80	3280	1	219	194	285	285	-3.860364	0	-2.105838	0	-0.08563433	0	0.1679431	0	-1.304237	0	-1.205938	0	1.002796	0	-0.412538	0	-1.998079	0	-0.4599424	0	-3.860364	0	1.002796	0	1.802413	0.7864384	1.022013	-0.6938533	-0.3643148	-0.5353472	-2.130288	-0.1556991	-1.307542	-0.9420523	-0.2773653	-0.4436962	-0.07696833	-0.5974855	-0.9782388	-0.5737947	-0.418167	-0.9391146	-2.369151	-0.3366914	-0.8201475	5.47503	-0.03370383	286.4034	272.2562	0	0	336.6391	276.9596	404.4758	275.5507	0	0	453.7006	271.7604	370.2487	352.4775	0	0						
AFDES	20160317	Medit M01sadnessface Forward-4	0	MALE	test	TestImage	Emotient FACET	3320	3320			81	3320	1	219	194	284	284	-4.183381	0	-2.110002	0	-0.1198728	0	0.1275059	0	-1.433484	0	-1.313914	0	1.061341	0	-0.5096462	0	-2.150046	0	-0.5636638	0	-4.183381	0	1.061341	0	1.881442	0.8548648	0.9998767	-0.5737751	-0.3780517	-0.5454757	-2.073821	-0.2304875	-1.362036	-1.03668	-0.1603121	-0.3895547	-0.09987818	-0.668933	-0.9758409	-0.6239794	-0.5772359	-1.074319	-2.53426	-0.5494471	-0.6274788	5.219191	-0.1737102	285.6522	271.0087	0	0	337.6328	276.9781	403.2429	274.9734	0	0	452.4215	271.3558	371.9219	352.176	0	0						
AFDES	20160317	Medit M01sadnessface Forward-4	0	MALE	test	TestImage	Emotient FACET	3360	3360			82	3360	1	220	194	282	282	-4.183836	0	-2.125162	0	-0.06480861	0	0.2216754	0	-1.513854	0	-1.212841	0	0.9503161	0	-0.6586814	0	-2.291803	0	-0.6448299	0	-4.183836	0	0.9503161	0	1.958682	0.9290779	0.9752407	-0.5241172	-0.3880123	-0.5718127	-2.103819	-0.180752	-1.422553	-1.155928	-0.1483527	-0.4581171	-0.2027664	-0.6408962	-1.064168	-0.7638079	-0.4712577	-1.0689	-2.608215	-0.4279745	-0.4019015	5.619308	-0.256511	286.3112	271.2268	0	0	337.469	276.5195	403.1205	274.1504	0	0	452.6833	271.3248	371.1233	351.0339	0	0						
AFDES	20160317	Medit M01sadnessface Forward-4	0	MALE	test	TestImage	Emotient FACET	3400	3400			83	3400	1	219	193	283	283	-4.177673	0	-1.990444	0	-0.1250682	0	0.09328776	0	-1.607532	0	-1.0699	0	1.093533	0	-0.5199903	0	-2.136461	0	-0.6361511	0	-4.177673	0	1.093533	0	1.870973	0.8320472	1.043998	-0.6416821	-0.4188086	-0.5568674	-1.952762	-0.1061168	-1.491839	-1.177519	-0.1145607	-0.4306664	-0.07735288	-0.6691731	-1.045732	-0.7531392	-0.42483	-1.008216	-2.539081	-0.3155743	0.04697443	5.220766	-0.2305123	286.5079	269.6848	0	0	337.8141	275.3578	403.6113	273.2638	0	0	453.7861	270.3342	371.0103	349.7586	0	0						
AFDES	20160317	Medit M01sadnessface Forward-4	0	MALE	test	TestImage	Emotient FACET	3440	3440			84	3440	1	221	193	282	282	-4.441391	0	-2.027722	0	-0.08401418	0	0.09178805	0	-1.722034	0	-1.05631	0	1.06703	0	-0.6648151	0	-2.379153	0	-0.6850027	0	-4.441391	0	1.06703	0	1.89867	0.8716968	0.9634567	-0.5339783	-0.4294234	-0.5751369	-2.014195	-0.1020237	-1.472209	-1.241265	-0.06051684	-0.3893527	-0.102625	-0.733119	-1.085628	-0.800644	-0.4568661	-1.023242	-2.699443	-0.4359826	0.3229861	5.383553	-0.3083444	286.9933	269.9068	0	0	337.8648	275.4243	404.8321	273.0588	0	0	452.8701	269.9948	371.7769	349.5053	0	0						
AFDES	20160317	Medit M01sadnessface Forward-4	0	MALE	test	TestImage	Emotient FACET	3480	3480			85	3480	1	222	193	282	282	-4.220566	0	-2.13503	0	-0.04701205	0	0.1221384	0	-1.685413	0	-1.186799	0	1.035916	0	-0.7545466	0	-2.506717	0	-0.7481132	0	-4.220566	0	1.035916	0	2.000326	0.9452747	0.9329006	-0.5075618	-0.4143386	-0.6037242	-2.254782	-0.2645783	-1.384063	-1.219671	-0.1135419	-0.4334203	-0.1470169	-0.7651443	-1.10852	-0.7905976	-0.533428	-1.13393	-2.733167	-0.627881	-0.2710267	4.863886	-0.2463565	287.3416	269.3026	0	0	338.8231	274.8389	404.2507	273.1609	0	0	453.0295	269.8058	374.0043	349.7954	0	0						
AFDES	20160317	Medit M01sadnessface Forward-4	0	MALE	test	TestImage	Emotient FACET	3520	3520			86	3520	1	221	193	282	282	-4.199166	0	-2.04715	0	-0.06338324	0	0.1382439	0	-1.680069	0	-1.125034	0	0.9718695	0	-0.6711971	0	-2.392101	0	-0.7039309	0	-4.199166	0	0.9718695	0	1.900441	0.893299	0.9367978	-0.5587747	-0.4047041	-0.5822503	-2.09522	-0.1934603	-1.418534	-1.223018	-0.09848525	-0.4369066	-0.1215961	-0.69187	-1.050356	-0.7988727	-0.4652852	-1.062467	-2.662445	-0.4885983	0.2059541	4.37808	-0.4407399	287.1252	268.8314	0	0	338.3755	274.5605	404.0755	273.3291	0	0	452.8135	269.0905	373.5878	349.3594	0	0						
AFDES	20160317	Medit M01sadnessface Forward-4	0	MALE	test	TestImage	Emotient FACET	3560	3560			87	3560	1	221	192	283	283	-4.340506	0	-2.017039	0	-0.029171	0	0.1113767	0	-1.722712	0	-1.247731	0	1.008947	0	-0.6767235	0	-2.398498	0	-0.7384443	0	-4.340506	0	1.008947	0	1.898624	0.8944552	0.9467435	-0.4948549	-0.4444275	-0.6061038	-2.156905	-0.2294559	-1.446724	-1.198529	-0.06450393	-0.3632662	-0.05544724	-0.75141	-1.028776	-0.7245193	-0.547293	-1.08108	-2.683936	-0.660539	0.08056924	4.646142	-0.4354496	287.2292	269.1603	0	0	338.2837	274.5892	404.3801	272.9879	0	0	453.6073	269.2136	373.5627	349.1882	0	0						
AFDES	20160317	Medit M01sadnessface Forward-4	0	MALE	test	TestImage	Emotient FACET	3600	3600			88	3600	1	221	192	282	282	-4.339515	0	-1.999081	0	-0.0204151	0	0.1209275	0	-1.744425	0	-1.176323	0	1.008541	0	-0.6900253	0	-2.39411	0	-0.7318025	0	-4.339515	0	1.008541	0	1.8776	0.8874789	0.9472462	-0.4692084	-0.4431059	-0.5851311	-2.101145	-0.1797546	-1.461254	-1.234725	-0.03600054	-0.3944868	-0.1303751	-0.7148069	-1.025271	-0.7695072	-0.4779277	-1.020488	-2.657093	-0.5687787	0.2596633	4.514613	-0.4111152	286.7202	268.5278	0	0	338.3102	274.5376	404.2521	272.8488	0	0	452.4533	269.6345	373.3481	349.6409	0	0						
AFDES	20160317	Medit M01sadnessface Forward-4	0	MALE	test	TestImage	Emotient FACET	3640	3640			89	3640	1	220	192	283	283	-4.438725	0	-2.155312	0	-0.02810219	0	0.1467864	0	-1.706012	0	-1.293869	0	1.061118	0	-0.7838259	0	-2.520567	0	-0.7599314	0	-4.438725	0	1.061118	0	1.927143	0.9266975	0.9334561	-0.4201493	-0.4043969	-0.5687472	-2.213423	-0.200446	-1.450696	-1.219529	0.0378368	-0.3694434	-0.166066	-0.7226439	-1.078076	-0.7370065	-0.5611003	-1.029251	-2.687271	-0.6221479	0.5352328	5.087949	-0.5087063	286.2966	268.9565	0	0	337.841	275.0722	403.4426	272.9532	0	0	452.8462	269.906	371.6253	349.8659	0	0						
AFDES	20160317	Medit M01sadnessface Forward-4	0	MALE	test	TestImage	Emotient FACET	3680	3680			90	3680	1	220	192	283	283	-4.522054	0	-2.099813	0	-0.05219763	0	0.09714258	0	-1.764745	0	-1.192238	0	1.101592	0	-0.6858409	0	-2.456463	0	-0.7167238	0	-4.522054	0	1.101592	0	1.865387	0.8641457	0.9893894	-0.4886813	-0.4091893	-0.5510927	-2.13435	-0.1385693	-1.48512	-1.254506	-0.005726557	-0.3861365	-0.1083553	-0.7352791	-1.089301	-0.7794853	-0.5241793	-1.03607	-2.763191	-0.5958161	0.2779197	4.877834	-0.4474457	286.4886	269.1715	0	0	337.1863	274.5692	403.1526	273.3958	0	0	452.6689	269.6744	372.1492	350.37	0	0						
AFDES	20160317	Medit M01sadnessface Forward-4	0	MALE	test	TestImage	Emotient FACET	3720	3720			91	3720	1	219	193	283	283	-4.342958	0	-2.061038	0	-0.05525313	0	0.1331552	0	-1.664	0	-1.183166	0	1.096903	0	-0.6209254	0	-2.333956	0	-0.5986956	0	-4.342958	0	1.096903	0	1.82708	0.8290904	0.9715698	-0.5238893	-0.405785	-0.5558013	-2.183324	-0.1792765	-1.47131	-1.219404	-0.06091364	-0.4275742	-0.08309091	-0.7050646	-1.047101	-0.7731715	-0.521618	-1.045895	-2.687806	-0.6082473	0.3839377	4.844097	-0.3213625	286.0367	269.0583	0	0	337.2418	274.5833	402.812	273.9073	0	0	452.6208	269.7777	372.3984	350.2147	0	0						
AFDES	20160317	Medit M01sadnessface Forward-4	0	MALE	test	TestImage	Emotient FACET	3760	3760			92	3760	1	219	193	283	283	-4.248573	0	-2.144058	0	0.005742299	0	0.2001954	0	-1.577273	0	-1.169707	0	1.055154	0	-0.7001532	0	-2.434391	0	-0.5836225	0	-4.248573	0	1.055154	0	1.847413	0.8625772	0.8983966	-0.4488904	-0.357035	-0.5591249	-2.279456	-0.1562922	-1.404017	-1.217245	-0.08301483	-0.454361	-0.1931424	-0.6969971	-1.097146	-0.785008	-0.5446997	-1.077476	-2.717824	-0.6858337	0.3250122	5.324109	-0.2578011	285.6366	269.5659	0	0	337.3113	275.5614	402.7791	274.2166	0	0	452.54	270.8759	371.6572	350.755	0	0						
AFDES	20160317	Medit M01sadnessface Forward-4	0	MALE	test	TestImage	Emotient FACET	3800	3800			93	3800	1	218	192	286	286	-4.426853	0	-2.032021	0	-0.02480333	0	0.1985127	0	-1.653851	0	-1.157696	0	1.075285	0	-0.5511021	0	-2.270999	0	-0.6170974	0	-4.426853	0	1.075285	0	1.852181	0.7737007	1.076043	-0.4950908	-0.3775429	-0.5377523	-2.168613	-0.0574205	-1.480145	-1.093532	-0.1152382	-0.3868886	-0.06007803	-0.6936925	-1.051434	-0.6968866	-0.4834255	-1.015741	-2.650937	-0.6061834	0.2116411	5.388901	-0.3314264	286.1985	270.4949	0	0	336.5949	275.3399	402.4205	273.5919	0	0	454.6031	270.3854	371.0446	351.3405	0	0						
AFDES	20160317	Medit M01sadnessface Forward-4	0	MALE	test	TestImage	Emotient FACET	3840	3840			94	3840	1	218	193	286	286	-4.426914	0	-2.084656	0	-0.0656564	0	0.2016138	0	-1.689114	0	-1.220996	0	1.075648	0	-0.5697626	0	-2.307601	0	-0.6788613	0	-4.426914	0	1.075648	0	1.893221	0.7971233	1.117093	-0.4796076	-0.3812242	-0.5244869	-2.203553	-0.129881	-1.456485	-1.059809	-0.100807	-0.3935124	-0.09443389	-0.6800725	-1.025634	-0.6604929	-0.4422496	-0.9664254	-2.651538	-0.6312353	0.05517282	5.341001	-0.3372184	286.0722	270.9572	0	0	336.5745	275.2568	402.3554	273.7092	0	0	454.1326	269.95	370.9354	351.7545	0	0						
AFDES	20160317	Medit M01sadnessface Forward-4	0	MALE	test	TestImage	Emotient FACET	3880	3880			95	3880	1	218	193	283	283	-4.346787	0	-2.110141	0	-0.06374596	0	0.1301086	0	-1.612139	0	-1.084704	0	1.080491	0	-0.6214541	0	-2.386583	0	-0.6096163	0	-4.346787	0	1.080491	0	1.930587	0.8823141	0.9788714	-0.5257069	-0.3587918	-0.5410424	-2.137135	-0.1309876	-1.486737	-1.217339	-0.1523174	-0.4843282	-0.1700085	-0.6977735	-1.159572	-0.8527965	-0.4635519	-1.038663	-2.748941	-0.4774399	0.3817129	5.67415	-0.4597754	285.222	269.7387	0	0	336.3634	275.6026	402.2842	274.498	0	0	451.9294	270.9676	370.693	350.9126	0	0						
AFDES	20160317	Medit M01sadnessface Forward-4	0	MALE	test	TestImage	Emotient FACET	3920	3920			96	3920	1	217	192	286	286	-4.507361	0	-2.12542	0	-0.05648384	0	0.1164183	0	-1.718399	0	-1.169323	0	1.190581	0	-0.5644841	0	-2.322036	0	-0.634768	0	-4.507361	0	1.190581	0	1.962327	0.8190656	1.111589	-0.5529265	-0.4381804	-0.5741323	-2.215599	-0.1218092	-1.548899	-1.111771	-0.1890613	-0.4184298	-0.02110017	-0.8074983	-1.098289	-0.7139311	-0.4973779	-1.029136	-2.694286	-0.5014638	0.4856288	5.276054	-0.1464318	285.5384	270.6516	0	0	336.1728	274.6673	402.6608	273.778	0	0	454.0206	270.3682	370.5364	351.3403	0	0						
AFDES	20160317	Medit M01sadnessface Forward-4	0	MALE	test	TestImage	Emotient FACET	3960	3960			97	3960	1	217	192	287	287	-4.626743	0	-2.094593	0	-0.002557016	0	0.08296492	0	-1.748366	0	-1.19587	0	1.236644	0	-0.5325954	0	-2.288983	0	-0.6492853	0	-4.626743	0	1.236644	0	1.979123	0.8091232	1.182738	-0.5709172	-0.523771	-0.5959741	-2.187741	-0.1406646	-1.629256	-1.098644	-0.1972819	-0.371663	0.06805703	-0.8737584	-1.09394	-0.6845731	-0.4968205	-0.9853904	-2.643083	-0.3629617	0.4204803	5.26808	-0.08458183	285.4082	270.1491	0	0	336.1857	274.561	402.6083	273.8395	0	0	454.7004	270.7097	370.9888	351.3702	0	0						
AFDES	20160317	Medit M01sadnessface Forward-4	0	MALE	test	TestImage	Emotient FACET	4000	4000			98	4000	1	217	192	286	286	-4.616972	0	-2.158647	0	-0.02034293	0	0.05129126	0	-1.76553	0	-1.222211	0	1.230037	0	-0.5826487	0	-2.380943	0	-0.6987092	0	-4.616972	0	1.230037	0	2.007548	0.8454939	1.141342	-0.554758	-0.4699842	-0.5766754	-2.191496	-0.1588224	-1.597906	-1.135206	-0.1698734	-0.3742847	0.02047039	-0.8642571	-1.121105	-0.7069951	-0.5124896	-1.014693	-2.724697	-0.4030113	0.5320468	5.356539	-0.1095745	285.4086	269.9551	0	0	336.5705	275.028	402.6695	273.6508	0	0	454.2059	270.2162	370.7748	350.957	0	0						
AFDES	20160317	Medit M01sadnessface Forward-4	0	MALE	test	TestImage	Emotient FACET	4040	4040			99	4040	1	218	192	285	285	-4.731897	0	-2.090364	0	-0.1005072	0	-0.1153908	0	-1.764296	0	-1.189678	0	1.320847	0	-0.5042058	0	-2.281251	0	-0.563642	0	-4.731897	0	1.320847	0	1.960652	0.8266704	1.096132	-0.636092	-0.5059258	-0.6086079	-2.118333	-0.2106019	-1.71556	-1.247396	-0.2022151	-0.3954487	0.04526418	-0.9085912	-1.162366	-0.800185	-0.564167	-1.089879	-2.820029	-0.3859049	0.8735611	4.669895	-0.1940369	284.9678	268.954	0	0	337.4799	274.4296	402.7984	273.3376	0	0	452.9499	269.9249	371.2213	350.4201	0	0						
AFDES	20160317	Medit M01sadnessface Forward-4	0	MALE	test	TestImage	Emotient FACET	4080	4080			100	4080	1	220	193	282	282	-4.537708	0	-2.160204	0	-0.07001015	0	0.02919848	0	-1.785443	0	-1.130976	0	1.147038	0	-0.748868	0	-2.536132	0	-0.7417629	0	-4.537708	0	1.147038	0	2.087757	0.9337817	1.018032	-0.4536803	-0.5988741	-0.6956751	-2.212564	-0.1800894	-1.616999	-1.279995	-0.09903136	-0.4218776	-0.1729749	-0.784874	-1.208137	-0.8996462	-0.4718249	-1.093151	-2.738365	-0.4758478	0.6872317	5.154592	-0.4431376	286.6783	269.1906	0	0	338.3315	274.1157	403.3854	273.4731	0	0	452.3096	270.3793	372.4945	350.236	0	0						
AFDES	20160317	Medit M01sadnessface Forward-4	0	MALE	test	TestImage	Emotient FACET	4120	4120			101	4120	1	220	192	283	283	-4.497667	0	-2.235734	0	0.02493177	0	0.01838153	0	-1.769079	0	-1.194076	0	1.112788	0	-0.7509613	0	-2.574135	0	-0.7322726	0	-4.497667	0	1.112788	0	2.081185	0.9775879	1.019583	-0.441568	-0.5541625	-0.6601411	-2.222194	-0.1593385	-1.608823	-1.267759	-0.1873251	-0.4781392	-0.1772942	-0.7690275	-1.203368	-0.9223039	-0.4059664	-0.9781017	-2.747951	-0.415708	1.110021	5.441655	-0.1582612	286.5197	268.992	0	0	338.5043	274.4926	403.3947	273.1418	0	0	452.9723	269.807	370.6165	349.7614	0	0						
AFDES	20160317	Medit M01sadnessface Forward-4	0	MALE	test	TestImage	Emotient FACET	4160	4160			102	4160	1	220	191	284	284	-4.569869	0	-2.179328	0	-0.01186797	0	-0.06269953	0	-1.819025	0	-1.154138	0	1.263831	0	-0.6792045	0	-2.486656	0	-0.7617349	0	-4.569869	0	1.263831	0	2.068405	0.9025865	1.096649	-0.5557436	-0.4940335	-0.6261145	-2.195405	-0.1547429	-1.603794	-1.212138	-0.1382198	-0.3780119	-0.036179	-0.8790522	-1.185727	-0.787136	-0.5050321	-1.047869	-2.770112	-0.480076	0.4678715	5.329633	-0.2361488	286.6681	268.1844	0	0	338.2432	274.4455	403.9662	272.5254	0	0	454.4072	269.4725	372.6064	349.1878	0	0						
AFDES	20160317	Medit M01sadnessface Forward-4	0	MALE	test	TestImage	Emotient FACET	4200	4200			103	4200	1	220	192	283	283	-4.455592	0	-2.215689	0	0.01002979	0	0.004123187	0	-1.806292	0	-1.216185	0	1.151622	0	-0.7368726	0	-2.536014	0	-0.7561889	0	-4.455592	0	1.151622	0	2.094969	0.9713231	1.062526	-0.4761727	-0.4940174	-0.5959097	-2.207791	-0.2249352	-1.60908	-1.248626	-0.1508711	-0.4201956	-0.1367303	-0.7944374	-1.167994	-0.8528113	-0.4305273	-1.000538	-2.690902	-0.5199869	0.7928163	5.528953	-0.424729	286.7629	268.4474	0	0	338.8599	273.8782	404.0957	272.2973	0	0	454.0304	269.1597	371.9588	348.0718	0	0						
AFDES	20160317	Medit M01sadnessface Forward-4	0	MALE	test	TestImage	Emotient FACET	4240	4240			104	4240	1	220	191	284	284	-4.585937	0	-2.252814	0	0.1159287	0	-0.008056016	0	-1.795973	0	-1.181526	0	1.122969	0	-0.7843478	0	-2.634046	0	-0.7374464	0	-4.585937	0	1.122969	0	2.057885	0.9875743	1.01747	-0.4370488	-0.4624605	-0.5858052	-2.233479	-0.1820759	-1.573647	-1.255422	-0.1657681	-0.4202803	-0.1165802	-0.8518744	-1.172138	-0.8457741	-0.4286077	-0.9920142	-2.850999	-0.5375589	0.5458676	5.632373	-0.4099623	285.9554	268.1839	0	0	338.9118	273.8979	403.9317	272.3963	0	0	453.8605	269.1517	372.3755	349.0397	0	0						
AFDES	20160317	Medit M01sadnessface Forward-4	0	MALE	test	TestImage	Emotient FACET	4280	4280			105	4280	1	219	191	285	285	-4.532975	0	-2.215976	0	-0.008037884	0	-0.01477185	0	-1.750366	0	-1.13933	0	1.213167	0	-0.668149	0	-2.493457	0	-0.7083265	0	-4.532975	0	1.213167	0	2.037414	0.9092312	1.104881	-0.5159545	-0.3944565	-0.5256065	-2.173627	-0.1915807	-1.589024	-1.177864	-0.1495495	-0.3781322	-0.06804083	-0.8442944	-1.143218	-0.7979987	-0.4810477	-1.034413	-2.73706	-0.6355705	0.173788	5.279763	-0.4679097	286.8339	268.0455	0	0	338.3667	273.58	403.9761	271.3602	0	0	454.7885	268.6751	372.1373	348.9584	0	0						
AFDES	20160317	Medit M01sadnessface Forward-4	0	MALE	test	TestImage	Emotient FACET	4320	4320			106	4320	1	220	191	284	284	-4.431891	0	-2.28243	0	0.03824622	0	0.01333235	0	-1.703879	0	-1.203862	0	1.157115	0	-0.7743072	0	-2.591906	0	-0.7414548	0	-4.431891	0	1.157115	0	2.055468	0.9717399	1.044143	-0.4354897	-0.4001175	-0.5291336	-2.238138	-0.2191648	-1.486899	-1.152182	-0.1198466	-0.3690466	-0.1293461	-0.8208592	-1.123879	-0.776299	-0.4770921	-1.00155	-2.710648	-0.6746348	0.5409182	5.42814	-0.6662897	286.1534	267.4578	0	0	338.6317	273.8318	404.7203	271.7778	0	0	453.2772	268.2282	372.6927	349.0764	0	0						
AFDES	20160317	Medit M01sadnessface Forward-4	0	MALE	test	TestImage	Emotient FACET	4360	4360			107	4360	1	221	190	284	284	-4.643709	0	-2.27147	0	-0.1019277	0	0.02412559	0	-1.825938	0	-1.329359	0	1.159769	0	-0.7983078	0	-2.628014	0	-0.9355038	0	-4.643709	0	1.159769	0	2.178183	0.9855735	1.114512	-0.4467644	-0.4239648	-0.5421101	-2.246749	-0.2894558	-1.500844	-1.127968	-0.0653061	-0.33158	-0.08323403	-0.8067092	-1.112153	-0.7077281	-0.5571926	-1.071122	-2.67767	-0.8268126	0.1788542	4.977665	-0.6101038	287.2749	267.5558	0	0	338.8115	273.1146	405.3509	271.5327	0	0	454.1218	267.7365	374.1188	348.2275	0	0						
AFDES	20160317	Medit M01sadnessface Forward-4	0	MALE	test	TestImage	Emotient FACET	4400	4400			108	4400	1	220	189	286	286	-4.407043	0	-2.230743	0	0.04750077	0	0.1087051	0	-1.672053	0	-1.222967	0	1.214685	0	-0.6572739	0	-2.417091	0	-0.6231509	0	-4.407043	0	1.214685	0	2.067121	0.9157266	1.100884	-0.5097837	-0.4869961	-0.6116439	-2.282612	-0.1865568	-1.560501	-1.075609	-0.1642033	-0.3553318	-0.002408269	-0.8350537	-1.09149	-0.7174308	-0.4788943	-1.01537	-2.522588	-0.689701	0.06152049	4.891927	-0.569833	288.5629	267.3769	0	0	339.4147	272.8315	404.6574	270.0207	0	0	457.9233	268.2471	371.2021	347.6342	0	0						
AFDES	20160317	Medit M01sadnessface Forward-4	0	MALE	test	TestImage	Emotient FACET	4440	4440			109	4440	1	221	190	283	283	-4.737528	0	-2.503798	0	0.03989416	0	0.1029603	0	-1.870462	0	-1.475317	0	1.053555	0	-1.057896	0	-2.992064	0	-1.02887	0	-4.737528	0	1.053555	0	2.34203	1.147577	0.9953891	-0.2670714	-0.4685798	-0.6306969	-2.539725	-0.3869157	-1.471348	-1.18683	-0.09219266	-0.3796217	-0.2723488	-0.8292211	-1.228462	-0.7787975	-0.5669512	-1.105175	-2.742869	-0.9284856	0.1848989	4.529569	-0.5677775	288.7569	267.1977	0	0	340.1209	272.2523	405.3743	270.3474	0	0	454.0283	267.1103	373.0243	349.5106	0	0						
AFDES	20160317	Medit M01sadnessface Forward-4	0	MALE	test	TestImage	Emotient FACET	4480	4480			110	4480	1	221	189	283	283	-4.507232	0	-2.37564	0	0.01271802	0	0.08285705	0	-1.763033	0	-1.320226	0	1.112793	0	-0.9014375	0	-2.754375	0	-0.808403	0	-4.507232	0	1.112793	0	2.222186	1.07297	0.9750361	-0.3471399	-0.4725173	-0.6300536	-2.455908	-0.3083418	-1.502302	-1.184262	-0.1162524	-0.4177817	-0.247576	-0.7389923	-1.220297	-0.8226976	-0.5016193	-1.092139	-2.689897	-0.8257866	0.0816923	4.763828	-0.543044	288.6682	266.1698	0	0	339.563	271.3076	405.369	269.4378	0	0	454.2772	266.503	372.9933	347.6682	0	0						
AFDES	20160317	Medit M01sadnessface Forward-4	0	MALE	test	TestImage	Emotient FACET	4520	4520			111	4520	1	221	188	284	284	-4.713932	0	-2.486295	0	-0.03842217	0	0.06566424	0	-1.869083	0	-1.497789	0	1.153909	0	-0.9484165	0	-2.877206	0	-0.9488743	0	-4.713932	0	1.153909	0	2.318155	1.076035	1.041334	-0.3450073	-0.5154865	-0.6427246	-2.601709	-0.4029179	-1.549844	-1.176953	-0.1397049	-0.4056672	-0.2468731	-0.7508381	-1.237915	-0.8444544	-0.5066968	-1.0904	-2.723972	-0.9856489	0.1388036	5.335587	-0.5998532	288.3597	266.1053	0	0	340.2809	270.4528	405.0959	268.5257	0	0	455.6107	265.8621	372.7363	346.5241	0	0						
AFDES	20160317	Medit M01sadnessface Forward-4	0	MALE	test	TestImage	Emotient FACET	4560	4560			112	4560	1	220	187	285	285	-4.389227	0	-2.374204	0	-0.12827	0	0.001685517	0	-1.681135	0	-1.239251	0	1.338857	0	-0.6966841	0	-2.564375	0	-0.5988753	0	-4.389227	0	1.338857	0	2.113034	0.9313572	1.054463	-0.523252	-0.4178525	-0.6009724	-2.380061	-0.2702259	-1.539814	-1.173445	-0.1083663	-0.4198731	-0.1180496	-0.7055467	-1.193381	-0.864248	-0.4657961	-1.04726	-2.624154	-0.7900589	0.2223033	5.643376	-0.6805185	286.6881	264.512	0	0	340.2904	269.3222	404.92	268.8891	0	0	454.6297	265.048	372.761	345.909	0	0						
AFDES	20160317	Medit M01sadnessface Forward-4	0	MALE	test	TestImage	Emotient FACET	4600	4600			113	4600	1	220	186	286	286	-4.525096	0	-2.469135	0	-0.0526042	0	-0.03009423	0	-1.666633	0	-1.422715	0	1.317454	0	-0.6946539	0	-2.630679	0	-0.5760688	0	-4.525096	0	1.317454	0	2.19602	0.9606969	1.071165	-0.474764	-0.439507	-0.5992664	-2.57162	-0.3631426	-1.577241	-1.122234	-0.3012156	-0.4680486	-0.08559301	-0.8288872	-1.254695	-0.9216536	-0.4960837	-1.064114	-2.722926	-0.9703783	0.4217202	5.456808	-0.8044035	286.3981	264.2387	0	0	339.3753	269.241	404.9005	268.6022	0	0	455.9922	265.4696	373.8884	344.814	0	0						
AFDES	20160317	Medit M01sadnessface Forward-4	0	MALE	test	TestImage	Emotient FACET	4640	4640			114	4640	1	220	186	285	285	-4.475171	0	-2.333179	0	-0.103058	0	-0.117538	0	-1.652621	0	-1.170538	0	1.317808	0	-0.5508913	0	-2.464701	0	-0.4104015	0	-4.475171	0	1.317808	0	2.07197	0.9446883	1.05909	-0.715334	-0.5068976	-0.6116623	-2.239836	-0.2598583	-1.642981	-1.252719	-0.3446999	-0.5079063	-0.01888653	-0.840513	-1.198988	-1.012396	-0.4736472	-1.098317	-2.796244	-0.6236507	0.3263329	5.382774	-0.633094	286.2444	263.3287	0	0	340.1736	268.3607	404.174	267.0468	0	0	454.951	264.6554	372.3663	343.9487	0	0						
AFDES	20160317	Medit M01sadnessface Forward-4	0	MALE	test	TestImage	Emotient FACET	4680	4680			115	4680	1	221	186	283	283	-4.63955	0	-2.392851	0	-0.09545356	0	-0.02520548	0	-1.742473	0	-1.188673	0	1.216959	0	-0.7274937	0	-2.640808	0	-0.5102811	0	-4.63955	0	1.216959	0	2.198529	1.024496	1.071404	-0.595606	-0.5561017	-0.6400511	-2.227429	-0.2370405	-1.707305	-1.326211	-0.312756	-0.5555969	-0.167927	-0.7843376	-1.263236	-1.104116	-0.3911778	-1.109196	-2.834618	-0.5436905	0.3224812	5.220023	-0.6001045	286.4959	263.6931	0	0	340.3226	268.3011	404.1877	267.5503	0	0	454.5904	264.5538	372.1226	343.1947	0	0						
AFDES	20160317	Medit M01sadnessface Forward-4	0	MALE	test	TestImage	Emotient FACET	4720	4720			116	4720	1	221	187	283	283	-4.714235	0	-2.434592	0	-0.09954217	0	-0.04686907	0	-1.746773	0	-1.232657	0	1.241715	0	-0.7242155	0	-2.625786	0	-0.5235925	0	-4.714235	0	1.241715	0	2.262007	1.049683	1.070729	-0.599252	-0.5766881	-0.7088377	-2.245148	-0.2517022	-1.707371	-1.278936	-0.3133842	-0.4981346	-0.06606628	-0.7741137	-1.283122	-1.040272	-0.4133687	-1.117385	-2.770763	-0.6170146	0.9495436	5.379737	-0.6753764	286.237	264.0725	0	0	340.6761	268.5329	404.2655	266.9981	0	0	455.2886	265.6595	373.5202	342.2716	0	0						
AFDES	20160317	Medit M01sadnessface Forward-4	0	MALE	test	TestImage	Emotient FACET	4760	4760			117	4760	1	221	187	284	284	-5.000806	0	-2.516395	0	-0.1509088	0	-0.1122643	0	-1.843041	0	-1.406792	0	1.305393	0	-0.8006327	0	-2.770616	0	-0.5507806	0	-5.000806	0	1.305393	0	2.321217	1.0452	1.047828	-0.4674169	-0.6108165	-0.7520644	-2.398204	-0.3817225	-1.778562	-1.322415	-0.2703442	-0.4734849	-0.1392094	-0.774079	-1.355517	-1.073243	-0.5138415	-1.212008	-2.928099	-0.8143953	1.108868	5.338059	-0.6775198	286.3884	265.2692	0	0	340.5349	268.7309	404.9131	268.0001	0	0	455.7931	266.0502	373.3605	342.8101	0	0						
AFDES	20160317	Medit M01sadnessface Forward-4	0	MALE	test	TestImage	Emotient FACET	4800	4800			118	4800	1	222	188	282	282	-4.570842	0	-2.466493	0	-0.009176693	0	0.1125057	0	-1.705787	0	-1.133275	0	1.103998	0	-0.9104055	0	-2.787205	0	-0.5966987	0	-4.570842	0	1.103998	0	2.334548	1.07828	1.052596	-0.4330108	-0.6311296	-0.7598488	-2.275316	-0.2416357	-1.695615	-1.300479	-0.3360544	-0.5615112	-0.2199463	-0.6608589	-1.334229	-1.183988	-0.2736893	-1.062586	-2.768766	-0.6127172	1.071115	6.001142	-0.8093554	287.2432	264.3169	0	0	341.4454	269.4767	404.834	268.0757	0	0	454.3507	265.5363	372.8968	343.9288	0	0						
AFDES	20160317	Medit M01sadnessface Forward-4	0	MALE	test	TestImage	Emotient FACET	4840	4840			119	4840	1	222	188	282	282	-4.429262	0	-2.412384	0	0.004244377	0	0.1095125	0	-1.616141	0	-1.095451	0	1.106252	0	-0.8243042	0	-2.638392	0	-0.4893378	0	-4.429262	0	1.106252	0	2.240211	1.063689	1.039282	-0.5218694	-0.6406618	-0.7620406	-2.230634	-0.2008355	-1.676549	-1.270208	-0.3729709	-0.5726455	-0.1445362	-0.6470801	-1.280225	-1.148157	-0.2446841	-1.040144	-2.709847	-0.5178941	1.060418	5.843266	-0.8058414	287.0896	264.2588	0	0	341.5077	269.5278	405.0142	268.239	0	0	454.7731	265.8869	373.1318	343.5016	0	0						
AFDES	20160317	Medit M01sadnessface Forward-4	0	MALE	test	TestImage	Emotient FACET	4880	4880			120	4880	1	220	187	285	285	-4.68007	0	-2.349549	0	-0.1572744	0	-0.08245346	0	-1.651613	0	-1.150896	0	1.289641	0	-0.6078783	0	-2.501656	0	-0.3581078	0	-4.68007	0	1.289641	0	2.112776	0.9689568	1.033714	-0.7508017	-0.6575294	-0.725433	-2.223989	-0.2599093	-1.757671	-1.329783	-0.2876715	-0.5172333	-0.04555932	-0.8666684	-1.197005	-1.048835	-0.4556481	-1.120203	-2.821618	-0.5594013	0.5777695	5.724607	-0.8756422	286.3256	264.0106	0	0	340.7764	269.5849	404.6652	268.0768	0	0	455.7792	266.5094	372.409	344	0	0						
AFDES	20160317	Medit M01sadnessface Forward-4	0	MALE	test	TestImage	Emotient FACET	4920	4920			121	4920	1	221	187	285	285	-4.796184	0	-2.421479	0	-0.09708195	0	-0.02753862	0	-1.765833	0	-1.368447	0	1.259279	0	-0.7134833	0	-2.606068	0	-0.4884941	0	-4.796184	0	1.259279	0	2.193515	1.000258	1.023719	-0.4815159	-0.6469581	-0.7758263	-2.463004	-0.3332731	-1.725356	-1.24389	-0.2415973	-0.4618335	-0.08697854	-0.7510647	-1.296178	-0.9778523	-0.508036	-1.149581	-2.753942	-0.8252702	0.4512334	5.697495	-0.8019254	287.3038	265.2369	0	0	340.8755	270.2424	406.2106	267.8555	0	0	455.722	265.9669	373.5015	344.94	0	0						
AFDES	20160317	Medit M01sadnessface Forward-4	0	MALE	test	TestImage	Emotient FACET	4960	4960			122	4960	1	222	188	283	283	-4.596727	0	-2.39991	0	-0.07114672	0	0.1135231	0	-1.755126	0	-1.220993	0	1.136925	0	-0.8324583	0	-2.684977	0	-0.6406747	0	-4.596727	0	1.136925	0	2.266271	1.030767	1.038694	-0.4184543	-0.6522011	-0.8049251	-2.37294	-0.2664975	-1.647726	-1.244419	-0.2568742	-0.5100263	-0.1956596	-0.6271717	-1.310632	-1.060701	-0.3963727	-1.142674	-2.692032	-0.7199554	1.08289	6.084824	-0.702144	288.1879	265.0956	0	0	341.3764	270.1598	406.0417	268.3417	0	0	455.6756	265.971	373.9474	344.7569	0	0						
AFDES	20160317	Medit M01sadnessface Forward-4	0	MALE	test	TestImage	Emotient FACET	5000	5000			123	5000	1	222	188	283	283	-4.520027	0	-2.337299	0	-0.03289712	0	0.1475043	0	-1.732109	0	-1.231347	0	1.090164	0	-0.8042383	0	-2.625095	0	-0.582193	0	-4.520027	0	1.090164	0	2.193502	1.015049	0.9990982	-0.4084906	-0.6806166	-0.8229796	-2.375714	-0.2845157	-1.651658	-1.251013	-0.2708644	-0.5303512	-0.2085505	-0.5790398	-1.276945	-1.057829	-0.3647137	-1.108496	-2.664409	-0.7455965	0.9257717	5.793714	-0.6930659	287.943	265.3184	0	0	342.0752	270.1077	405.8741	268.1989	0	0	455.67	265.8907	373.5099	344.6929	0	0						
AFDES	20160317	Medit M01sadnessface Forward-4	0	MALE	test	TestImage	Emotient FACET	5040	5040			124	5040	1	221	188	284	284	-4.588735	0	-2.412759	0	0.01678361	0	0.08982516	0	-1.722711	0	-1.314667	0	1.176772	0	-0.8282542	0	-2.693069	0	-0.5413609	0	-4.588735	0	1.176772	0	2.220564	1.044431	0.9620889	-0.3933789	-0.6178696	-0.8057645	-2.489295	-0.2978046	-1.701232	-1.272339	-0.3138547	-0.5273638	-0.169474	-0.7931874	-1.347457	-1.015984	-0.4836361	-1.133508	-2.761921	-0.744926	0.2536217	5.351163	-0.5788814	287.9496	264.7001	0	0	342.1151	269.3959	406.904	268.8058	0	0	456.2654	267.3473	373.9517	345.523	0	0						
AFDES	20160317	Medit M01sadnessface Forward-4	0	MALE	test	TestImage	Emotient FACET	5080	5080			125	5080	1	221	187	286	286	-4.701312	0	-2.396907	0	-0.04897316	0	0.02112196	0	-1.717275	0	-1.379676	0	1.268245	0	-0.7117687	0	-2.590661	0	-0.4597131	0	-4.701312	0	1.268245	0	2.149257	0.9591699	0.9971683	-0.4472607	-0.5838293	-0.7393768	-2.484761	-0.35736	-1.739115	-1.250549	-0.2654347	-0.4838775	-0.1288008	-0.7976754	-1.285515	-0.9677112	-0.5328453	-1.148089	-2.728705	-0.8135077	0.4688521	5.371491	-0.6152267	287.9197	264.6912	0	0	342.1191	269.3188	406.9963	268.7741	0	0	456.3587	266.1522	373.7147	346.322	0	0						
AFDES	20160317	Medit M01sadnessface Forward-4	0	MALE	test	TestImage	Emotient FACET	5120	5120			126	5120	1	222	187	285	285	-4.712575	0	-2.439131	0	-0.04927171	0	0.002903211	0	-1.774195	0	-1.458989	0	1.265709	0	-0.7580811	0	-2.645777	0	-0.5776532	0	-4.712575	0	1.265709	0	2.253836	1.011594	1.035519	-0.4625948	-0.7008449	-0.8148454	-2.513378	-0.4479378	-1.725971	-1.222049	-0.2643202	-0.4759176	-0.08204485	-0.7109898	-1.264518	-0.9494396	-0.4805202	-1.13023	-2.649495	-0.8354104	1.104154	5.791505	-0.6306917	288.2347	265.0064	0	0	342.4326	269.6206	406.3196	267.3484	0	0	456.4644	265.7937	373.9847	345.5755	0	0						
AFDES	20160317	Medit M01sadnessface Forward-4	0	MALE	test	TestImage	Emotient FACET	5160	5160			127	5160	1	222	187	285	285	-4.722594	0	-2.383963	0	0.007039508	0	-0.06437632	0	-1.768157	0	-1.458566	0	1.262344	0	-0.7125757	0	-2.619033	0	-0.4885239	0	-4.722594	0	1.262344	0	2.169881	1.005056	0.9670414	-0.4580587	-0.6778252	-0.8106771	-2.468096	-0.4123382	-1.712961	-1.241687	-0.246163	-0.4374626	-0.04280116	-0.7734739	-1.236879	-0.928238	-0.4993499	-1.118045	-2.721257	-0.8238849	1.032044	5.80993	-0.548732	288.1687	264.8584	0	0	342.5087	269.5803	406.4474	267.5695	0	0	456.6837	265.6523	373.8851	345.8385	0	0						
AFDES	20160317	Medit M01sadnessface Forward-4	0	MALE	test	TestImage	Emotient FACET	5200	5200			128	5200	1	222	188	284	284	-4.685666	0	-2.454377	0	0.0002753442	0	0.08117936	0	-1.820127	0	-1.432119	0	1.19249	0	-0.8343917	0	-2.724016	0	-0.659386	0	-4.685666	0	1.19249	0	2.315624	1.052101	1.033772	-0.3982564	-0.702395	-0.8223544	-2.521674	-0.4264058	-1.706959	-1.256026	-0.2640649	-0.4867831	-0.1883538	-0.6535081	-1.262014	-0.9902762	-0.4148718	-1.115984	-2.636811	-0.8728307	1.066679	5.916544	-0.6018158	288.2713	264.8258	0	0	343.046	270.038	406.366	267.5092	0	0	455.9838	265.6705	374.4402	345.8145	0	0						
AFDES	20160317	Medit M01sadnessface Forward-4	0	MALE	test	TestImage	Emotient FACET	5240	5240			129	5240	1	221	187	286	286	-4.829142	0	-2.39688	0	0.00599958	0	-0.07305214	0	-1.772914	0	-1.447931	0	1.339405	0	-0.7334388	0	-2.62318	0	-0.4432977	0	-4.829142	0	1.339405	0	2.200502	0.981203	0.9891762	-0.4518904	-0.6412776	-0.7845874	-2.483747	-0.4255347	-1.811619	-1.282519	-0.2423604	-0.4400582	-0.08566026	-0.8987598	-1.270633	-0.9604032	-0.5177562	-1.11217	-2.784896	-0.8434271	0.3471842	5.192316	-0.6085312	287.8564	264.5465	0	0	342.1302	269.4521	406.7213	268.975	0	0	456.8075	266.8351	373.8571	346.4673	0	0						
AFDES	20160317	Medit M01sadnessface Forward-4	0	MALE	test	TestImage	Emotient FACET	5280	5280			130	5280	1	222	188	284	284	-4.841768	0	-2.36103	0	-0.03794201	0	0.07958603	0	-1.877572	0	-1.494426	0	1.174761	0	-0.8420003	0	-2.699163	0	-0.7360154	0	-4.841768	0	1.174761	0	2.298628	1.059895	1.05799	-0.3971884	-0.7339403	-0.7943357	-2.539852	-0.5020099	-1.771184	-1.254105	-0.1824391	-0.4324253	-0.1459134	-0.7896374	-1.243	-0.8773599	-0.5632074	-1.1989	-2.683573	-0.8915702	1.030292	4.998015	-0.5057781	288.8091	265.5429	0	0	342.4602	270.7338	406.7487	268.9186	0	0	456.7028	266.1735	374.5131	346.4988	0	0						
AFDES	20160317	Medit M01sadnessface Forward-4	0	MALE	test	TestImage	Emotient FACET	5320	5320			131	5320	1	222	189	285	285	-4.884375	0	-2.329678	0	-0.02593205	0	0.01649168	0	-1.869272	0	-1.515358	0	1.220949	0	-0.8248431	0	-2.660259	0	-0.6803534	0	-4.884375	0	1.220949	0	2.229943	1.045046	1.010284	-0.342406	-0.6791594	-0.7502204	-2.447096	-0.4896833	-1.757587	-1.236315	-0.103608	-0.3395755	-0.1168503	-0.8580938	-1.175145	-0.7891554	-0.6443399	-1.19304	-2.668427	-0.9610038	0.7345582	4.036511	-0.7282091	289.6718	266.471	0	0	341.1841	271.3936	406.8898	269.9119	0	0	457.1633	266.5651	373.9345	347.9662	0	0						
AFDES	20160317	Medit M01sadnessface Forward-4	0	MALE	test	TestImage	Emotient FACET	5360	5360			132	5360	1	221	190	287	287	-4.845291	0	-2.302994	0	0.0440555	0	0.09142081	0	-1.860253	0	-1.527809	0	1.19419	0	-0.7246438	0	-2.596571	0	-0.5853733	0	-4.845291	0	1.19419	0	2.126007	0.9965188	1.048831	-0.3520888	-0.6117029	-0.6390265	-2.477928	-0.4636903	-1.762322	-1.222076	-0.1375868	-0.3461917	-0.1010095	-0.8805966	-1.09461	-0.7992213	-0.5696691	-1.098659	-2.651237	-0.8740401	0.5944409	4.425631	-0.8758895	289.0973	267.5024	0	0	340.7068	273.0732	407.4004	270.8081	0	0	457.4092	268.7099	373.7288	349.4963	0	0						
AFDES	20160317	Medit M01sadnessface Forward-4	0	MALE	test	TestImage	Emotient FACET	5400	5400			133	5400	1	221	191	288	288	-5.12865	0	-2.271782	0	0.1177977	0	0.2306987	0	-1.923311	0	-1.700564	0	1.111267	0	-0.7832232	0	-2.593155	0	-0.766035	0	-5.12865	0	1.111267	0	2.143682	0.9741935	1.156498	-0.2185242	-0.7082223	-0.6215397	-2.504426	-0.4441076	-1.831553	-1.163108	-0.02557989	-0.2727198	-0.06901274	-0.8299317	-1.067917	-0.7232201	-0.5124742	-0.9417201	-2.599508	-0.8115098	0.5826867	4.411232	-0.8120672	288.6946	268.9706	0	0	340.9769	274.0328	408.3914	272.6476	0	0	458.0806	269.9964	374.7254	350.8218	0	0						
AFDES	20160317	Medit M01sadnessface Forward-4	0	MALE	test	TestImage	Emotient FACET	5440	5440			134	5440	1	222	192	286	286	-4.990718	0	-2.255328	0	0.1313138	0	0.1666849	0	-1.90136	0	-1.642782	0	1.06335	0	-0.8246261	0	-2.590689	0	-0.6876929	0	-4.990718	0	1.06335	0	2.094645	1.007378	1.012418	-0.2075082	-0.7484848	-0.7141365	-2.431494	-0.483742	-1.836991	-1.271536	-0.06108046	-0.2903901	-0.1834823	-0.7817129	-1.055551	-0.7870853	-0.5154534	-1.027495	-2.705966	-0.8909679	0.4765812	4.602496	-0.5602316	288.8748	269.1798	0	0	341.2214	275.5521	406.9526	273.9038	0	0	457.3396	270.7672	375.5127	351.016	0	0						
AFDES	20160317	Medit M01sadnessface Forward-4	0	MALE	test	TestImage	Emotient FACET	5480	5480			135	5480	1	221	192	287	287	-4.782055	0	-2.022072	0	0.03205827	0	0.1147099	0	-1.741085	0	-1.479286	0	1.225675	0	-0.579272	0	-2.198691	0	-0.5544107	0	-4.782055	0	1.225675	0	1.968634	0.8192264	1.114811	-0.3813847	-0.7620476	-0.6864094	-2.19429	-0.3486723	-1.819831	-1.102421	0.02881168	-0.1951559	0.05929771	-0.7755069	-0.9549691	-0.6501892	-0.5175341	-0.9410105	-2.41855	-0.7217457	-0.1271553	4.944646	-0.6856694	289.3819	269.1474	0	0	341.9864	275.8637	408.1363	273.519	0	0	458.6996	270.8651	375.2607	351.4881	0	0						
AFDES	20160317	Medit M01sadnessface Forward-4	0	MALE	test	TestImage	Emotient FACET	5520	5520			136	5520	1	221	192	287	287	-4.909752	0	-2.070706	0	-0.03521626	0	0.07748955	0	-1.735462	0	-1.538074	0	1.313043	0	-0.5603912	0	-2.202439	0	-0.4441443	0	-4.909752	0	1.313043	0	1.962769	0.8133678	1.113922	-0.3998395	-0.7418006	-0.6789274	-2.245686	-0.4238971	-1.873786	-1.10917	0.0536138	-0.1819535	0.0216423	-0.8287524	-0.966152	-0.6448633	-0.5929114	-0.994202	-2.502275	-0.8521116	0.3850209	5.378559	-0.6174831	289.2808	269.8035	0	0	341.6856	275.7473	407.1616	274.1288	0	0	458.7142	271.7255	374.5254	352.4372	0	0						
AFDES	20160317	Medit M01sadnessface Forward-4	0	MALE	test	TestImage	Emotient FACET	5560	5560			137	5560	1	221	193	288	288	-5.027961	0	-2.179628	0	0.05897108	0	0.1779834	0	-1.810115	0	-1.72238	0	1.185049	0	-0.7125075	0	-2.384549	0	-0.6980934	0	-5.027961	0	1.185049	0	2.095181	0.8758378	1.17808	-0.2260463	-0.7748343	-0.6600728	-2.432365	-0.4381784	-1.841172	-1.040821	0.0291471	-0.1858064	-0.03951998	-0.8338525	-1.009442	-0.6502195	-0.5123175	-0.8876334	-2.515249	-0.895888	0.5518355	5.335698	-0.7000176	289.3015	270.9033	0	0	341.7521	276.0438	408.095	274.8798	0	0	458.9885	271.7091	374.5188	352.6033	0	0						
AFDES	20160317	Medit M01sadnessface Forward-4	0	MALE	test	TestImage	Emotient FACET	5600	5600			138	5600	1	221	192	287	287	-5.03788	0	-2.046556	0	-0.05634457	0	0.1447514	0	-1.813033	0	-1.61212	0	1.25962	0	-0.5638427	0	-2.208665	0	-0.6021255	0	-5.03788	0	1.25962	0	2.017972	0.8185334	1.194837	-0.372776	-0.7563046	-0.6222476	-2.295269	-0.4587895	-1.913425	-1.064975	0.07076358	-0.1639734	0.004971137	-0.8100417	-0.9640094	-0.6283169	-0.537322	-0.9123302	-2.492724	-0.809729	-0.007406664	4.985355	-0.8198411	288.7336	270.1395	0	0	341.1143	275.8195	407.8512	274.7639	0	0	457.8791	271.2632	374.8	352.1738	0	0						
AFDES	20160317	Medit M01sadnessface Forward-4	0	MALE	test	TestImage	Emotient FACET	5640	5640			139	5640	1	221	192	288	288	-4.995465	0	-2.032247	0	-0.009807727	0	0.1440171	0	-1.790362	0	-1.595792	0	1.262472	0	-0.5588984	0	-2.188432	0	-0.5849828	0	-4.995465	0	1.262472	0	2.023436	0.8193803	1.188081	-0.3780474	-0.7684124	-0.6473872	-2.320393	-0.4246196	-1.909943	-1.081058	0.05196913	-0.1783854	0.01330219	-0.7918074	-0.9958693	-0.6324606	-0.5396995	-0.9203411	-2.455963	-0.7555903	-0.07175697	4.878274	-0.8224397	289.3312	269.8639	0	0	340.8735	275.7794	407.9326	274.2636	0	0	458.4749	271.1086	374.609	352.0777	0	0						
AFDES	20160317	Medit M01sadnessface Forward-4	0	MALE	test	TestImage	Emotient FACET	5680	5680			140	5680	1	221	192	288	288	-5.059214	0	-2.013651	0	-0.06035208	0	0.1575812	0	-1.777938	0	-1.613462	0	1.297313	0	-0.5175434	0	-2.14466	0	-0.5652071	0	-5.059214	0	1.297313	0	2.046482	0.8222752	1.209491	-0.4030887	-0.7862323	-0.6610497	-2.31682	-0.4572461	-1.974333	-1.117091	0.03811928	-0.1759429	0.02127017	-0.8071939	-1.023858	-0.6515216	-0.5872459	-0.9881583	-2.467073	-0.7081766	0.1411696	4.904633	-0.6853431	288.9052	269.3361	0	0	341.0015	275.7047	408.065	273.7094	0	0	458.1689	270.8479	374.0992	351.5221	0	0						
AFDES	20160317	Medit M01sadnessface Forward-4	0	MALE	test	TestImage	Emotient FACET	5720	5720			141	5720	1	220	192	287	287	-5.141921	0	-2.11137	0	-0.01292524	0	0.1483553	0	-1.811827	0	-1.748183	0	1.344772	0	-0.5793768	0	-2.279288	0	-0.5769991	0	-5.141921	0	1.344772	0	2.155355	0.8826842	1.165068	-0.3696583	-0.8288174	-0.7178181	-2.452609	-0.5926362	-1.996384	-1.166885	0.04271804	-0.2079108	-0.03497638	-0.8443124	-1.04486	-0.7160328	-0.6049329	-1.011509	-2.487539	-0.7696283	0.3783933	4.994345	-0.7689953	288.5607	268.9482	0	0	341.7432	275.1636	407.3282	273.9216	0	0	458.0021	270.7607	372.9756	351.1569	0	0						
AFDES	20160317	Medit M01sadnessface Forward-4	0	MALE	test	TestImage	Emotient FACET	5760	5760			142	5760	1	220	191	287	287	-5.100941	0	-2.251899	0	-0.04308966	0	0.1784034	0	-1.800014	0	-1.732261	0	1.33757	0	-0.6940375	0	-2.448578	0	-0.6246365	0	-5.100941	0	1.33757	0	2.194425	0.9235249	1.144496	-0.3452154	-0.7742505	-0.7202232	-2.526423	-0.6074645	-1.924161	-1.165419	0.03088396	-0.219271	-0.1295502	-0.8748605	-1.074637	-0.7240714	-0.6389135	-1.054251	-2.557068	-0.9321575	0.9999247	4.783184	-0.6982515	287.9491	268.6151	0	0	340.9139	274.6987	406.5621	272.9224	0	0	457.3695	270.1034	373.3095	350.6137	0	0						
AFDES	20160317	Medit M01sadnessface Forward-4	0	MALE	test	TestImage	Emotient FACET	5800	5800			143	5800	1	220	190	286	286	-5.033138	0	-2.331743	0	-0.01630622	0	0.130166	0	-1.833903	0	-1.803173	0	1.312429	0	-0.7110354	0	-2.506932	0	-0.6057675	0	-5.033138	0	1.312429	0	2.214582	0.9624213	1.130236	-0.3603261	-0.7500502	-0.7094942	-2.574373	-0.6660754	-1.876644	-1.163902	-0.04040672	-0.249396	-0.1219453	-0.9142771	-1.071614	-0.7240745	-0.6804711	-1.107449	-2.561396	-1.039488	0.6554313	5.155077	-0.7274396	288.4254	268.0129	0	0	340.2968	273.7943	406.6178	271.8565	0	0	457.2899	269.287	373.2704	349.4961	0	0						
AFDES	20160317	Medit M01sadnessface Forward-4	0	MALE	test	TestImage	Emotient FACET	5840	5840			144	5840	1	221	190	286	286	-5.062675	0	-2.384228	0	-0.05200903	0	0.1972699	0	-1.851265	0	-1.821949	0	1.325436	0	-0.7690831	0	-2.572816	0	-0.7858187	0	-5.062675	0	1.325436	0	2.3455	0.9771022	1.223228	-0.3562363	-0.7336493	-0.6758811	-2.601984	-0.6549482	-1.862487	-1.105526	-0.01586224	-0.2048931	-0.122098	-0.9120485	-1.063459	-0.6735137	-0.6742286	-1.089882	-2.436122	-1.033619	0.7288145	4.763327	-0.8636076	287.8834	267.3689	0	0	341.0957	273.3069	408.1747	271.4587	0	0	456.4698	268.3848	373.9773	348.7857	0	0						
AFDES	20160317	Medit M01sadnessface Forward-4	0	MALE	test	TestImage	Emotient FACET	5880	5880			145	5880	1	223	190	283	283	-5.169428	0	-2.493241	0	0.06120309	0	0.1218936	0	-1.974278	0	-1.806153	0	1.167796	0	-1.065924	0	-2.926358	0	-0.9889207	0	-5.169428	0	1.167796	0	2.548892	1.166223	1.117164	-0.1852341	-0.8354559	-0.8161631	-2.718686	-0.7322741	-1.885421	-1.265447	-0.1098975	-0.3373284	-0.2590016	-0.8555531	-1.22753	-0.872246	-0.5745959	-1.127592	-2.686177	-1.025193	0.3381439	4.203912	-0.6724495	289.8711	266.9146	0	0	341.398	272.3266	406.6806	270.6568	0	0	455.8916	266.9818	373.8265	348.1289	0	0						
AFDES	20160317	Medit M01sadnessface Forward-4	0	MALE	test	TestImage	Emotient FACET	5920	5920			146	5920	1	223	189	283	283	-5.129795	0	-2.461963	0	0.03512559	0	0.1832646	0	-1.97699	0	-1.728598	0	1.218411	0	-1.008578	0	-2.872922	0	-0.94858	0	-5.129795	0	1.218411	0	2.544434	1.082591	1.181836	-0.2437028	-0.8719118	-0.8397758	-2.719573	-0.7366602	-1.936102	-1.255957	-0.1702073	-0.4067293	-0.2368196	-0.7567996	-1.253002	-0.9582665	-0.4849848	-1.096455	-2.647191	-1.064913	0.06869102	4.744376	-0.5763276	289.6033	266.2203	0	0	342.2729	271.2667	406.9774	269.4769	0	0	456.0047	266.2899	373.8058	347.3405	0	0						
AFDES	20160317	Medit M01sadnessface Forward-4	0	MALE	test	TestImage	Emotient FACET	5960	5960			147	5960	1	223	189	283	283	-5.256235	0	-2.565225	0	-0.01394721	0	0.1388255	0	-1.933381	0	-1.806776	0	1.296275	0	-1.025182	0	-2.907404	0	-0.8899298	0	-5.256235	0	1.296275	0	2.61469	1.079841	1.211994	-0.2785001	-0.8886499	-0.8839055	-2.706891	-0.7564808	-1.962422	-1.243636	-0.1808692	-0.405522	-0.2430673	-0.7593129	-1.284917	-1.023325	-0.4940746	-1.113854	-2.659019	-1.135479	0.3154753	5.254707	-0.6223125	289.69	266.243	0	0	341.7375	271.3203	406.3513	269.0786	0	0	456.6974	266.2892	373.0415	346.1754	0	0						
AFDES	20160317	Medit M01sadnessface Forward-4	0	MALE	test	TestImage	Emotient FACET	6000	6000			148	6000	1	222	188	283	283	-5.242562	0	-2.463783	0	-0.04725713	0	0.1233009	0	-1.898961	0	-1.752575	0	1.325531	0	-0.9256679	0	-2.777828	0	-0.7736089	0	-5.242562	0	1.325531	0	2.50767	1.023553	1.189676	-0.399669	-0.872914	-0.8661346	-2.605211	-0.7266506	-2.014469	-1.295502	-0.1701737	-0.4104864	-0.174537	-0.8375984	-1.286823	-1.027707	-0.516024	-1.121197	-2.722821	-0.9722133	0.1726458	5.504401	-0.6485214	289.3923	265.2984	0	0	341.9077	270.2205	406.718	267.9052	0	0	455.726	267.493	373.3166	347.0579	0	0						
