#Study : AFDES
#Date : 20160317 11:57:14
#Version : 5.7.2389.1
#TestRunDate : 20160317 11:53:15.087 (+01:00)

StudyName	ExportDate	Name	Age	Gender	StimulusName	SlideType	EventSource	Timestamp	MediaTime	PostMarker	Annotation	FrameNo	FrameTime	NoOfFaces	FaceRect X	FaceRect Y	FaceRect Width	FaceRect Height	Joy Evidence	Joy Intensity	Anger Evidence	Anger Intensity	Surprise Evidence	Surprise Intensity	Fear Evidence	Fear Intensity	Contempt Evidence	Contempt Intensity	Disgust Evidence	Disgust Intensity	Sadness Evidence	Sadness Intensity	Confusion Evidence	Confusion Intensity	Frustration Evidence	Frustration Intensity	Neutral Evidence	Neutral Intensity	Positive Evidence	Positive Intensity	Negative Evidence	Negative Intensity	AU1 Evidence	AU2 Evidence	AU4 Evidence	AU5 Evidence	AU6 Evidence	AU7 Evidence	AU9 Evidence	AU10 Evidence	AU12 Evidence	AU14 Evidence	AU15 Evidence	AU17 Evidence	AU18 Evidence	AU20 Evidence	AU23 Evidence	AU24 Evidence	AU25 Evidence	AU26 Evidence	AU28 Evidence	AU43 Evidence	Yaw Degrees	Pitch Degrees	Roll Degrees	LEFT_EYE_LATERAL X	LEFT_EYE_LATERAL Y	LEFT_EYE_PUPIL X	LEFT_EYE_PUPIL Y	LEFT_EYE_MEDIAL X	LEFT_EYE_MEDIAL Y	RIGHT_EYE_MEDIAL X	RIGHT_EYE_MEDIAL Y	RIGHT_EYE_PUPIL X	RIGHT_EYE_PUPIL Y	RIGHT_EYE_LATERAL X	RIGHT_EYE_LATERAL Y	NOSE_TIP X	NOSE_TIP Y	7 X	7 Y	LiveMarker	KeyStroke	MarkerText	SceneType	SceneOutput	SceneParent
AFDES	20160317	Medit M07fearface Forward-5	0	MALE	test	TestImage	Emotient FACET	80	80			0	80	1	205	155	297	297	-2.761238	0	-5.478698	0	-2.108299	0	-1.796539	0	-0.5723557	0	-4.396117	0	-2.257869	0	-3.356249	0	-3.819221	0	2.630066	0	-2.761238	0	-0.5723557	0	-0.7526857	-0.579688	-1.51019	-1.578677	-1.663891	-1.404695	-5.069898	-1.892671	-1.659243	-1.421836	-1.289348	-1.064271	-1.289706	-0.08893164	-1.177754	-2.086879	-0.7053298	-0.5902218	-3.293852	-2.918639	3.18986	4.996983	3.66611	267.4229	243.4953	0	0	325.7893	244.8449	393.2966	237.5406	0	0	450.3786	232.9115	364.2925	309.2333	0	0						
AFDES	20160317	Medit M07fearface Forward-5	0	MALE	test	TestImage	Emotient FACET	120	120			1	120	1	206	155	296	296	-3.007978	0	-5.299679	0	-2.090446	0	-1.658051	0	-0.6054313	0	-4.192636	0	-2.243067	0	-3.248583	0	-3.708813	0	2.633194	0	-3.007978	0	-0.6054313	0	-0.6986387	-0.5292321	-1.437873	-1.573277	-1.61468	-1.419119	-4.899201	-1.854215	-1.767888	-1.479301	-1.290427	-1.129507	-1.248681	-0.1263514	-1.173011	-2.144708	-0.6251974	-0.5672179	-3.288074	-2.792092	3.010598	5.150977	3.520361	267.6592	243.5023	0	0	326.0436	244.8211	393.3532	237.8033	0	0	450.3739	233.06	365.5204	308.2197	0	0						
AFDES	20160317	Medit M07fearface Forward-5	0	MALE	test	TestImage	Emotient FACET	160	160			2	160	1	206	155	297	297	-3.081412	0	-5.268355	0	-2.009651	0	-1.768804	0	-0.621278	0	-4.385143	0	-2.229219	0	-3.256162	0	-3.720911	0	2.701446	0	-3.081412	0	-0.621278	0	-0.7983491	-0.5943546	-1.53155	-1.545213	-1.781024	-1.46169	-5.037545	-1.913264	-1.715425	-1.441744	-1.272106	-1.035648	-1.263683	-0.1802635	-1.192319	-1.997518	-0.7802818	-0.6549641	-3.384097	-2.818413	3.230127	5.118632	3.499866	266.6716	243.6132	0	0	326.761	245.4665	393.3696	237.633	0	0	450.4913	232.9905	366.016	309.0219	0	0						
AFDES	20160317	Medit M07fearface Forward-5	0	MALE	test	TestImage	Emotient FACET	200	200			3	200	1	206	155	297	297	-3.096872	0	-5.502894	0	-1.976622	0	-1.686844	0	-0.602404	0	-4.622051	0	-2.269629	0	-3.372604	0	-3.866395	0	2.721845	0	-3.096872	0	-0.602404	0	-0.7450945	-0.56636	-1.533059	-1.515721	-1.886097	-1.567183	-5.226852	-2.003914	-1.764361	-1.430022	-1.340903	-1.069721	-1.339855	-0.1940947	-1.224501	-2.075744	-0.7972206	-0.6671474	-3.398587	-2.919512	3.162992	5.026826	3.447929	267.5174	243.3961	0	0	326.5694	245.3019	393.7369	238.1414	0	0	450.3911	232.9749	365.2396	309.5928	0	0						
AFDES	20160317	Medit M07fearface Forward-5	0	MALE	test	TestImage	Emotient FACET	240	240			4	240	1	206	155	297	297	-3.025762	0	-5.407078	0	-2.063118	0	-1.752232	0	-0.642722	0	-4.478723	0	-2.205332	0	-3.313298	0	-3.815833	0	2.662374	0	-3.025762	0	-0.642722	0	-0.7714031	-0.592356	-1.512554	-1.562101	-1.781909	-1.456615	-5.121878	-1.960713	-1.726166	-1.468135	-1.249857	-1.051538	-1.302707	-0.1199873	-1.177835	-2.053211	-0.764142	-0.6463991	-3.39757	-2.813043	3.218376	5.046282	3.478179	267.6189	243.3244	0	0	326.5777	245.2399	393.2645	237.6194	0	0	450.9339	232.5089	365.0012	309.3086	0	0						
AFDES	20160317	Medit M07fearface Forward-5	0	MALE	test	TestImage	Emotient FACET	280	280			5	280	1	206	155	296	296	-3.137992	0	-5.461727	0	-2.103266	0	-1.624752	0	-0.6568764	0	-4.497903	0	-2.151989	0	-3.285736	0	-3.836527	0	2.647491	0	-3.137992	0	-0.6568764	0	-0.7030484	-0.5515184	-1.462212	-1.53685	-1.810408	-1.505662	-5.131486	-1.964675	-1.777456	-1.476339	-1.263988	-1.063969	-1.309035	-0.1324763	-1.198246	-2.098781	-0.7460132	-0.6542453	-3.409652	-2.870997	3.152483	5.172739	3.51262	267.5716	243.5533	0	0	326.884	245.3143	393.3943	237.6144	0	0	450.4084	232.9584	364.5921	309.5724	0	0						
AFDES	20160317	Medit M07fearface Forward-5	0	MALE	test	TestImage	Emotient FACET	320	320			6	320	1	205	154	297	297	-3.142751	0	-5.35157	0	-2.149652	0	-1.778346	0	-0.7398689	0	-4.360559	0	-2.126653	0	-3.297073	0	-3.823909	0	2.65741	0	-3.142751	0	-0.7398689	0	-0.7875642	-0.6078859	-1.51524	-1.534271	-1.72827	-1.39166	-5.085268	-1.929116	-1.763798	-1.542555	-1.164356	-1.028981	-1.263178	-0.1115799	-1.208482	-2.062363	-0.7846524	-0.6745995	-3.454192	-2.839896	3.277718	5.024302	3.528218	267.7539	243.6414	0	0	326.0215	244.7034	393.3443	237.4899	0	0	450.8878	232.5128	364.6417	309.5132	0	0						
AFDES	20160317	Medit M07fearface Forward-5	0	MALE	test	TestImage	Emotient FACET	360	360			7	360	1	206	155	297	297	-3.044297	0	-5.360232	0	-1.945019	0	-1.696935	0	-0.5976883	0	-4.460213	0	-2.180643	0	-3.343834	0	-3.802518	0	2.700858	0	-3.044297	0	-0.5976883	0	-0.7863919	-0.5773998	-1.566678	-1.492697	-1.832321	-1.522669	-5.127247	-1.947018	-1.690851	-1.400932	-1.214913	-0.971916	-1.225805	-0.2115771	-1.209314	-1.928476	-0.8435818	-0.667672	-3.358952	-2.902449	3.159296	4.930818	3.465194	267.5604	243.6411	0	0	326.7862	245.2997	393.3638	237.6896	0	0	451.0062	232.6393	365.135	309.8207	0	0						
AFDES	20160317	Medit M07fearface Forward-5	0	MALE	test	TestImage	Emotient FACET	400	400			8	400	1	205	154	297	297	-2.823343	0	-5.304125	0	-2.408858	0	-2.005944	0	-0.5844975	0	-4.301861	0	-2.266433	0	-3.20313	0	-3.62422	0	2.637277	0	-2.823343	0	-0.5844975	0	-0.8736183	-0.671803	-1.504975	-1.68813	-1.559763	-1.329548	-4.791218	-1.878658	-1.625738	-1.438659	-1.257314	-0.9885392	-1.232493	-0.02294056	-1.15782	-2.002237	-0.7948637	-0.6261845	-3.190265	-3.162238	4.052393	5.02434	3.4935	267.1653	242.3628	0	0	327.1318	244.5354	393.825	238.2118	0	0	451.4108	232.8599	364.5488	308.2066	0	0						
AFDES	20160317	Medit M07fearface Forward-5	0	MALE	test	TestImage	Emotient FACET	440	440			9	440	1	205	154	297	297	-2.959857	0	-5.134103	0	-2.398555	0	-2.015745	0	-0.6601911	0	-4.145231	0	-2.221342	0	-3.083302	0	-3.544947	0	2.602675	0	-2.959857	0	-0.6601911	0	-0.8722204	-0.6717249	-1.490439	-1.696022	-1.519183	-1.25288	-4.713136	-1.878871	-1.70737	-1.538124	-1.211229	-1.028851	-1.190691	0.007359728	-1.148147	-2.061639	-0.7226823	-0.5887386	-3.243955	-2.863167	4.135479	4.937735	3.502435	267.0776	242.6666	0	0	326.8066	244.3908	393.4436	237.3017	0	0	451.2243	232.2186	364.2455	308.0313	0	0						
AFDES	20160317	Medit M07fearface Forward-5	0	MALE	test	TestImage	Emotient FACET	480	480			10	480	1	206	154	296	296	-2.884065	0	-5.061199	0	-2.369299	0	-1.951294	0	-0.5795595	0	-3.952533	0	-2.281503	0	-3.087677	0	-3.481123	0	2.616948	0	-2.884065	0	-0.5795595	0	-0.8221666	-0.6355329	-1.462285	-1.719836	-1.437862	-1.270264	-4.538133	-1.780387	-1.693388	-1.5029	-1.271309	-1.065231	-1.139528	-0.01112433	-1.102946	-2.103579	-0.6227432	-0.543989	-3.16666	-2.836211	4.307922	4.940217	3.507267	267.1394	242.6872	0	0	326.6992	244.3911	393.4823	237.4034	0	0	450.8019	232.7635	364.8495	306.997	0	0						
AFDES	20160317	Medit M07fearface Forward-5	0	MALE	test	TestImage	Emotient FACET	520	520			11	520	1	206	154	296	296	-2.903493	0	-5.335441	0	-2.338289	0	-1.905864	0	-0.5807059	0	-4.179334	0	-2.263377	0	-3.231336	0	-3.6834	0	2.662682	0	-2.903493	0	-0.5807059	0	-0.7768206	-0.5918283	-1.469986	-1.71776	-1.595724	-1.418269	-4.740772	-1.849455	-1.707616	-1.483777	-1.257897	-1.053042	-1.259146	-0.07671949	-1.187132	-2.103528	-0.7145904	-0.6050429	-3.215054	-2.942456	4.082018	4.950203	3.395098	268.2816	243.1296	0	0	327.1163	244.4515	393.6613	237.5893	0	0	451.5825	232.9468	364.3306	308.0785	0	0						
AFDES	20160317	Medit M07fearface Forward-5	0	MALE	test	TestImage	Emotient FACET	560	560			12	560	1	205	155	297	297	-3.147696	0	-5.392922	0	-2.139873	0	-1.835875	0	-0.6450067	0	-4.592051	0	-2.10585	0	-3.221043	0	-3.73881	0	2.651586	0	-3.147696	0	-0.6450067	0	-0.7601091	-0.5984496	-1.52231	-1.554397	-1.798555	-1.42268	-5.203033	-2.032818	-1.717476	-1.443394	-1.210363	-0.9953619	-1.310743	-0.1269419	-1.176748	-1.981764	-0.8770652	-0.6939934	-3.31493	-2.891636	3.546852	4.734194	3.307735	266.4692	243.705	0	0	326.5328	244.9807	393.9119	238.1343	0	0	450.4236	233.3204	365.2803	308.9412	0	0						
AFDES	20160317	Medit M07fearface Forward-5	0	MALE	test	TestImage	Emotient FACET	600	600			13	600	1	205	154	297	297	-3.135268	0	-5.197079	0	-2.347913	0	-1.874763	0	-0.6907759	0	-4.368616	0	-2.096678	0	-3.024869	0	-3.557345	0	2.578972	0	-3.135268	0	-0.6907759	0	-0.7955992	-0.6392398	-1.448264	-1.640567	-1.626327	-1.296625	-4.868491	-1.95864	-1.717143	-1.49791	-1.215255	-1.044475	-1.22922	-0.0625383	-1.160594	-2.028292	-0.7997563	-0.6516733	-3.337688	-2.810233	4.361534	5.001452	3.420192	266.9184	243.9093	0	0	327.0384	244.5687	393.3604	237.4645	0	0	451.5932	233.1824	364.4028	308.3204	0	0						
AFDES	20160317	Medit M07fearface Forward-5	0	MALE	test	TestImage	Emotient FACET	640	640			14	640	1	205	154	298	298	-3.05167	0	-5.422834	0	-2.166518	0	-1.823194	0	-0.5492805	0	-4.657009	0	-2.154112	0	-3.314855	0	-3.737887	0	2.679878	0	-3.05167	0	-0.5492805	0	-0.7661221	-0.590937	-1.582278	-1.562145	-1.833957	-1.466396	-5.260948	-2.063207	-1.677861	-1.383889	-1.269377	-0.977214	-1.299147	-0.1376508	-1.198102	-1.911099	-0.9352851	-0.7372378	-3.319455	-2.992438	3.71464	4.789534	3.320021	267.4228	243.381	0	0	325.9858	244.6404	393.8649	238.5334	0	0	451.1406	233.3256	366.1684	309.818	0	0						
AFDES	20160317	Medit M07fearface Forward-5	0	MALE	test	TestImage	Emotient FACET	680	680			15	680	1	206	154	297	297	-3.178098	0	-5.389842	0	-2.259252	0	-1.924032	0	-0.6353425	0	-4.575305	0	-2.18842	0	-3.244582	0	-3.727896	0	2.712735	0	-3.178098	0	-0.6353425	0	-0.7899544	-0.6190835	-1.556297	-1.640275	-1.783151	-1.402297	-5.139178	-2.075611	-1.785381	-1.480765	-1.265964	-1.030576	-1.238081	-0.1458468	-1.181842	-2.003093	-0.8873082	-0.6966382	-3.361739	-2.882816	4.417924	5.194352	3.491895	267.3773	243.9856	0	0	327.1173	244.6029	393.6036	237.544	0	0	451.721	233.3495	364.7536	308.8734	0	0						
AFDES	20160317	Medit M07fearface Forward-5	0	MALE	test	TestImage	Emotient FACET	720	720			16	720	1	206	155	296	296	-3.169602	0	-5.383446	0	-2.108274	0	-1.718629	0	-0.6094164	0	-4.505265	0	-2.168987	0	-3.260413	0	-3.754459	0	2.671882	0	-3.169602	0	-0.6094164	0	-0.7033202	-0.5425154	-1.492335	-1.516475	-1.748972	-1.404176	-5.120168	-2.026621	-1.781998	-1.465195	-1.289701	-1.068107	-1.279964	-0.1783596	-1.185754	-2.046591	-0.8484743	-0.699465	-3.382544	-2.846951	3.495158	4.935768	3.442735	267.2491	243.4909	0	0	326.0033	244.7068	393.2512	239.4602	0	0	450.4246	233.0424	365.5059	309.1866	0	0						
AFDES	20160317	Medit M07fearface Forward-5	0	MALE	test	TestImage	Emotient FACET	760	760			17	760	1	205	155	298	298	-3.206705	0	-5.373096	0	-1.946527	0	-1.689307	0	-0.6384107	0	-4.535085	0	-2.111229	0	-3.330883	0	-3.822537	0	2.666437	0	-3.206705	0	-0.6384107	0	-0.7276734	-0.5388476	-1.563415	-1.493184	-1.885107	-1.473135	-5.254681	-2.011411	-1.739633	-1.436741	-1.223031	-0.974669	-1.222907	-0.1924573	-1.190352	-1.935561	-0.8474532	-0.6788237	-3.394201	-2.794331	3.32795	4.847494	3.401401	266.6921	244.1387	0	0	326.4746	245.2432	394.1125	239.0533	0	0	450.4615	233.1157	365.8695	309.647	0	0						
AFDES	20160317	Medit M07fearface Forward-5	0	MALE	test	TestImage	Emotient FACET	800	800			18	800	1	206	155	297	297	-3.201599	0	-5.453918	0	-2.10672	0	-1.675363	0	-0.6558689	0	-4.596951	0	-1.998698	0	-3.251899	0	-3.813422	0	2.639549	0	-3.201599	0	-0.6558689	0	-0.6703095	-0.5388595	-1.476358	-1.529656	-1.848732	-1.489887	-5.23775	-2.044657	-1.769476	-1.48557	-1.159802	-1.014015	-1.298874	-0.1406449	-1.224765	-1.991268	-0.8484147	-0.7137976	-3.397641	-2.830347	3.326404	4.859351	3.39981	267.3983	243.563	0	0	325.9993	244.8348	394.1285	239.0213	0	0	450.6013	233.8103	366.4754	309.7346	0	0						
AFDES	20160317	Medit M07fearface Forward-5	0	MALE	test	TestImage	Emotient FACET	840	840			19	840	1	206	155	297	297	-3.200968	0	-5.428025	0	-2.01254	0	-1.500382	0	-0.5708366	0	-4.718834	0	-2.058492	0	-3.216104	0	-3.749246	0	2.646991	0	-3.200968	0	-0.5708366	0	-0.6477244	-0.5121549	-1.471547	-1.473243	-1.931984	-1.57236	-5.314175	-2.10955	-1.756982	-1.384069	-1.271098	-1.045551	-1.326979	-0.1597592	-1.199445	-1.956926	-0.8778179	-0.7179311	-3.3253	-2.858933	3.385266	4.885908	3.365463	267.4169	243.6941	0	0	326.7703	245.4902	393.7248	239.7845	0	0	451.329	233.291	366.6115	309.1773	0	0						
AFDES	20160317	Medit M07fearface Forward-5	0	MALE	test	TestImage	Emotient FACET	880	880			20	880	1	206	155	297	297	-3.296953	0	-5.388092	0	-2.07063	0	-1.674619	0	-0.6897326	0	-4.535073	0	-2.096059	0	-3.255713	0	-3.807647	0	2.675829	0	-3.296953	0	-0.6897326	0	-0.714325	-0.5540238	-1.498334	-1.548602	-1.881377	-1.503187	-5.188914	-2.051729	-1.817157	-1.482203	-1.238105	-1.044235	-1.218501	-0.2063196	-1.193294	-1.995075	-0.8533961	-0.7023219	-3.443698	-2.763291	3.270779	4.979031	3.408827	267.3482	243.6178	0	0	326.6386	245.495	393.8057	238.5432	0	0	451.1036	233.222	366.5895	309.2638	0	0						
AFDES	20160317	Medit M07fearface Forward-5	0	MALE	test	TestImage	Emotient FACET	920	920			21	920	1	206	155	297	297	-3.373373	0	-5.497616	0	-2.151698	0	-1.629439	0	-0.6835725	0	-4.75889	0	-2.066257	0	-3.295327	0	-3.835165	0	2.697529	0	-3.373373	0	-0.6835725	0	-0.699383	-0.5723198	-1.486883	-1.540281	-2.005547	-1.577405	-5.31844	-2.129218	-1.854802	-1.46125	-1.245868	-1.04874	-1.263139	-0.1306425	-1.216174	-1.981778	-0.8815746	-0.7151774	-3.38689	-2.901319	3.493444	5.153655	3.48389	267.6391	244.1877	0	0	327.1794	245.5396	393.7589	238.1511	0	0	451.6499	233.6094	364.723	309.2845	0	0						
AFDES	20160317	Medit M07fearface Forward-5	0	MALE	test	TestImage	Emotient FACET	960	960			22	960	1	205	155	298	298	-3.137748	0	-5.32291	0	-2.307949	0	-1.922379	0	-0.6594989	0	-4.479543	0	-2.128962	0	-3.155457	0	-3.652101	0	2.66002	0	-3.137748	0	-0.6594989	0	-0.8011279	-0.6404512	-1.490865	-1.640324	-1.773656	-1.407836	-5.01405	-1.996933	-1.759182	-1.48216	-1.195552	-1.018	-1.221125	-0.1017478	-1.1759	-1.993993	-0.8375323	-0.6638901	-3.335657	-2.889386	4.383213	5.133983	3.568089	266.9877	244.1004	0	0	326.8935	244.6742	393.2146	238.4043	0	0	451.6447	233.1833	364.6682	308.749	0	0						
AFDES	20160317	Medit M07fearface Forward-5	0	MALE	test	TestImage	Emotient FACET	1000	1000			23	1000	1	205	155	299	299	-3.230886	0	-5.451941	0	-2.062186	0	-1.729383	0	-0.5855334	0	-4.974263	0	-2.057073	0	-3.314124	0	-3.797026	0	2.730401	0	-3.230886	0	-0.5855334	0	-0.7387033	-0.5750768	-1.579204	-1.485147	-2.043258	-1.593191	-5.523738	-2.13721	-1.633794	-1.336926	-1.295792	-1.015067	-1.290353	-0.2590468	-1.277209	-1.789981	-1.025277	-0.7986374	-3.493919	-3.148047	3.764469	5.025369	3.46329	266.5912	243.9172	0	0	326.5774	245.4722	394.3057	239.3899	0	0	451.2301	233.2708	365.9355	310.0251	0	0						
AFDES	20160317	Medit M07fearface Forward-5	0	MALE	test	TestImage	Emotient FACET	1040	1040			24	1040	1	205	154	299	299	-3.034167	0	-5.402077	0	-2.147417	0	-1.897645	0	-0.5169712	0	-4.781024	0	-2.075059	0	-3.312445	0	-3.728385	0	2.680027	0	-3.034167	0	-0.5169712	0	-0.8136765	-0.6305221	-1.576926	-1.563144	-1.953152	-1.490392	-5.34822	-2.082889	-1.647039	-1.352473	-1.207875	-0.9143328	-1.213297	-0.1659107	-1.178665	-1.796854	-0.969377	-0.708295	-3.325587	-3.007119	3.582093	5.053089	3.388722	266.6036	244.014	0	0	325.7556	244.8996	393.6377	238.9601	0	0	451.3101	233.2526	365.1623	309.2809	0	0						
AFDES	20160317	Medit M07fearface Forward-5	0	MALE	test	TestImage	Emotient FACET	1080	1080			25	1080	1	205	154	298	298	-3.060431	0	-5.320323	0	-1.996457	0	-1.83529	0	-0.6427311	0	-4.400431	0	-2.133951	0	-3.252347	0	-3.781219	0	2.670473	0	-3.060431	0	-0.6427311	0	-0.7203376	-0.5379518	-1.512973	-1.531396	-1.745122	-1.369833	-5.10184	-1.987729	-1.692854	-1.475202	-1.230541	-1.012033	-1.11969	-0.2084574	-1.21255	-1.990177	-0.7974771	-0.630118	-3.368415	-2.775374	3.399858	4.966438	3.467153	266.8172	244.1418	0	0	326.0145	244.5733	393.0357	238.0303	0	0	450.9853	232.5612	365.6521	309.258	0	0						
AFDES	20160317	Medit M07fearface Forward-5	0	MALE	test	TestImage	Emotient FACET	1120	1120			26	1120	1	205	153	298	298	-2.435421	0	-5.818149	0	-0.8070998	0	-0.2947328	0	-0.0046811	0	-3.888623	0	-1.651104	0	-3.553288	0	-4.144893	0	2.111755	0	-2.435421	0	-0.0046811	0	1.085794	1.142478	-1.019566	-0.9193166	-1.248414	-1.423713	-6.053396	-1.948776	-1.392679	-1.238783	-1.431845	-1.206119	-1.246828	-0.3290789	-1.428915	-2.098868	-0.8732767	-1.114029	-3.573628	-1.690037	3.570004	2.161936	2.890471	265.8119	242.0375	0	0	326.1424	242.9066	394.0591	238.1454	0	0	450.287	231.8284	366.5411	306.8449	0	0						
AFDES	20160317	Medit M07fearface Forward-5	0	MALE	test	TestImage	Emotient FACET	1160	1160			27	1160	1	205	150	295	295	-3.136634	0	-6.670622	0	0.2403225	0	1.259633	0	-0.4984733	0	-4.424147	0	-1.501217	0	-4.851302	0	-5.425425	0	0.1480858	0	-3.136634	0	1.259633	0	3.289781	3.215705	-0.6236143	-0.164143	-1.540612	-1.887476	-6.248061	-2.023548	-1.012805	-1.259163	-1.153471	-1.230935	-2.236775	-0.2338934	-2.05519	-2.182956	-0.9419971	-1.628681	-3.297174	-1.08654	2.560802	-0.2459815	2.7451	266.8369	236.2968	0	0	327.7946	239.5683	393.9092	234.0674	0	0	449.9199	230.9425	364.7479	303.6052	0	0						
AFDES	20160317	Medit M07fearface Forward-5	0	MALE	test	TestImage	Emotient FACET	1200	1200			28	1200	1	207	148	293	293	-5.478363	0	-8.192698	0	0.9400493	0	1.61608	0	-2.123358	0	-5.969661	0	-2.790458	0	-7.266899	0	-7.534251	0	-2.463945	0	-5.478363	0	1.61608	0	4.41785	4.172563	-0.8236418	1.114661	-2.310067	-2.266056	-7.361194	-2.189794	-1.433755	-1.632017	-0.8856168	-0.5866095	-3.004786	-0.6184203	-1.897384	-2.386968	-0.9539453	-1.562696	-3.804001	-2.019036	2.108906	-1.126957	3.106476	269.8583	232.8214	0	0	326.8393	236.6461	393.4878	230.7155	0	0	449.9339	226.1978	364.789	301.1916	0	0						
AFDES	20160317	Medit M07fearface Forward-5	0	MALE	test	TestImage	Emotient FACET	1240	1240			29	1240	1	205	144	296	296	-6.65832	0	-8.88227	0	0.7055189	0	2.028461	0	-2.852115	0	-6.851906	0	-3.887475	0	-8.156826	0	-8.727801	0	-3.757435	0	-6.65832	0	2.028461	0	4.96887	4.624169	-0.7652565	1.709732	-2.411786	-2.080543	-7.727311	-2.472416	-1.523625	-1.962234	-1.182249	-0.8080924	-3.534349	-0.6554279	-2.122493	-2.710397	-0.7226006	-1.416739	-4.273123	-2.620068	1.870479	-2.104319	3.022681	267.7057	229.5515	0	0	327.6776	233.8269	394.1591	229.3555	0	0	450.3019	224.2037	364.9437	299.4923	0	0						
AFDES	20160317	Medit M07fearface Forward-5	0	MALE	test	TestImage	Emotient FACET	1280	1280			30	1280	1	204	143	298	298	-6.496488	0	-8.951981	0	0.2889232	0	2.30581	0	-2.774308	0	-7.172482	0	-4.179074	0	-8.191807	0	-8.687372	0	-4.204337	0	-6.496488	0	2.30581	0	5.112806	4.649048	-0.7423739	2.021703	-2.589584	-2.131137	-7.782182	-2.682293	-1.469985	-1.821718	-1.298168	-0.86718	-3.468931	-0.3452343	-2.301526	-2.676981	-0.7883919	-1.345398	-3.926185	-2.894636	1.983757	-2.032221	2.735101	268.6185	228.8748	0	0	325.6902	233.197	390.7858	228.0508	0	0	451.7402	221.1631	365.134	300.9832	0	0						
AFDES	20160317	Medit M07fearface Forward-5	0	MALE	test	TestImage	Emotient FACET	1320	1320			31	1320	1	205	142	297	297	-6.481302	0	-9.331719	0	-0.6409987	0	3.22493	0	-2.837181	0	-7.941195	0	-5.069525	0	-8.765533	0	-8.939141	0	-5.208258	0	-6.481302	0	3.22493	0	5.035105	4.514203	-0.8211141	1.846031	-2.615502	-2.190729	-8.038848	-2.783287	-1.277822	-1.876377	-1.892776	-1.210334	-3.828293	0.2675022	-2.231182	-2.553798	-0.6313683	-1.363891	-3.701853	-2.833389	2.064834	-2.385952	2.186659	269.1821	227.5082	0	0	327.3629	229.9357	391.8998	228.0418	0	0	451.6805	220.8744	365.6568	299.8569	0	0						
AFDES	20160317	Medit M07fearface Forward-5	0	MALE	test	TestImage	Emotient FACET	1360	1360			32	1360	1	206	142	295	295	-6.446983	0	-9.661567	0	-0.8423339	0	3.40641	0	-2.884206	0	-8.010616	0	-5.339535	0	-9.338854	0	-9.168352	0	-5.591067	0	-6.446983	0	3.40641	0	5.335039	4.763973	-0.8138463	1.955476	-2.693959	-2.293513	-8.206525	-2.683827	-1.226203	-1.659011	-1.964547	-0.9442703	-4.17879	0.3953433	-2.287192	-2.65025	-0.7555812	-1.561103	-3.742408	-3.331838	2.451851	-2.8728	1.720832	270.725	225.5853	0	0	328.1371	230.2984	393.2122	227.0041	0	0	451.5761	222.7747	365.4303	298.8748	0	0						
AFDES	20160317	Medit M07fearface Forward-5	0	MALE	test	TestImage	Emotient FACET	1400	1400			33	1400	1	210	142	289	289	-6.609065	0	-9.781965	0	-0.7086895	0	3.585817	0	-3.053121	0	-8.171585	0	-5.660389	0	-9.717134	0	-9.104763	0	-5.712323	0	-6.609065	0	3.585817	0	5.30795	4.832972	-0.6262162	1.979626	-2.751007	-2.371849	-8.402941	-2.52473	-1.291619	-1.649199	-1.981606	-0.9617394	-4.345505	0.3414885	-2.242592	-2.769416	-1.090077	-1.921314	-4.00096	-3.335947	2.226192	-3.487865	0.8569618	272.8788	222.4465	0	0	330.7203	230.293	395.3347	224.7623	0	0	450.3064	222.8953	367.6244	294.9031	0	0						
AFDES	20160317	Medit M07fearface Forward-5	0	MALE	test	TestImage	Emotient FACET	1440	1440			34	1440	1	211	140	288	288	-6.771928	0	-9.757299	0	-0.8013043	0	3.665503	0	-3.215513	0	-8.251037	0	-5.743212	0	-9.847628	0	-9.219038	0	-5.92177	0	-6.771928	0	3.665503	0	5.298254	4.822898	-0.7776327	1.988239	-2.862348	-2.463583	-8.465398	-2.448742	-1.358015	-1.704562	-2.00245	-1.006932	-4.428338	0.3664581	-2.263728	-2.722981	-1.079498	-1.840558	-4.038463	-3.382163	2.068829	-3.915511	1.010728	274.3034	220.6649	0	0	330.4924	227.7987	395.7581	221.4645	0	0	450.9556	219.7962	367.6637	292.1487	0	0						
AFDES	20160317	Medit M07fearface Forward-5	0	MALE	test	TestImage	Emotient FACET	1480	1480			35	1480	1	210	138	290	290	-6.394665	0	-9.793322	0	-1.264111	0	3.72213	0	-2.950134	0	-8.271068	0	-5.43333	0	-9.731458	0	-9.030972	0	-5.815249	0	-6.394665	0	3.72213	0	5.563916	4.863558	-0.7147999	2.052787	-2.988574	-2.545851	-8.804917	-2.55845	-1.333906	-1.366868	-2.131614	-1.059863	-4.247219	0.7235039	-2.427481	-2.58456	-0.8830341	-1.827912	-3.807438	-3.522269	2.141299	-4.562977	1.003408	272.7165	220.271	0	0	330.6592	225.966	395.4126	219.6846	0	0	450.7269	217.3346	366.0045	291.625	0	0						
AFDES	20160317	Medit M07fearface Forward-5	0	MALE	test	TestImage	Emotient FACET	1520	1520			36	1520	1	207	135	292	292	-6.363681	0	-9.800487	0	-1.443633	0	3.670156	0	-2.947132	0	-8.395039	0	-5.73952	0	-9.671364	0	-9.079226	0	-6.108132	0	-6.363681	0	3.670156	0	5.693967	4.985744	-0.7524413	1.969331	-2.894674	-2.403424	-8.453203	-2.710303	-1.156065	-1.292576	-2.139513	-1.026506	-4.374073	0.5450628	-2.356476	-2.308073	-0.8606011	-1.781635	-3.562653	-3.479826	1.809193	-4.969168	0.5249804	270.3252	217.0483	0	0	329.7044	224.5756	395.0168	218.0874	0	0	450.673	217.5473	366.3739	288.8958	0	0						
AFDES	20160317	Medit M07fearface Forward-5	0	MALE	test	TestImage	Emotient FACET	1560	1560			37	1560	1	210	135	290	290	-6.380355	0	-10.14699	0	-1.698338	0	3.895252	0	-3.103806	0	-8.70552	0	-5.946678	0	-10.22783	0	-9.351409	0	-6.539526	0	-6.380355	0	3.895252	0	5.757673	4.947985	-0.8005271	2.082344	-2.974191	-2.42056	-8.847739	-2.667295	-1.151775	-1.238196	-2.267181	-1.136548	-4.456284	0.6941586	-2.313899	-2.349625	-0.9680458	-1.927354	-3.842316	-3.472946	2.714919	-4.476871	0.9162191	271.7246	218.5792	0	0	331.5837	223.134	395.3708	217.919	0	0	451.2058	215.5033	365.3207	287.8294	0	0						
AFDES	20160317	Medit M07fearface Forward-5	0	MALE	test	TestImage	Emotient FACET	1600	1600			38	1600	1	207	134	293	293	-5.875367	0	-10.02181	0	-2.065058	0	3.873702	0	-2.813719	0	-8.611173	0	-5.815937	0	-9.760869	0	-9.040661	0	-6.350712	0	-5.875367	0	3.873702	0	5.687092	4.814503	-0.8430342	1.847986	-2.900594	-2.362903	-8.485797	-2.786817	-0.9769678	-1.054179	-2.325909	-1.19606	-4.372882	0.8982835	-2.280449	-2.062709	-0.7943042	-1.802438	-3.464852	-3.208534	2.218788	-4.310633	0.7266594	270.5272	217.464	0	0	328.96	222.9596	394.7445	216.5952	0	0	451.2382	215.7892	364.9029	287.687	0	0						
AFDES	20160317	Medit M07fearface Forward-5	0	MALE	test	TestImage	Emotient FACET	1640	1640			39	1640	1	209	135	289	289	-5.926468	0	-9.966889	0	-1.6195	0	3.834396	0	-2.824963	0	-8.498859	0	-5.690019	0	-10.03452	0	-9.012175	0	-6.270859	0	-5.926468	0	3.834396	0	5.616243	4.872004	-0.7343837	1.936341	-2.903836	-2.436881	-8.599772	-2.549311	-1.065261	-1.035726	-2.164858	-1.051524	-4.355802	0.7563919	-2.234809	-2.261953	-1.036112	-1.984694	-3.748942	-3.347283	1.843477	-4.030329	1.015491	270.7923	218.9266	0	0	330.0025	222.3078	393.2923	216.6158	0	0	449.5863	215.6172	363.4366	286.7608	0	0						
AFDES	20160317	Medit M07fearface Forward-5	0	MALE	test	TestImage	Emotient FACET	1680	1680			40	1680	1	207	136	288	288	-5.462348	0	-9.60817	0	-1.37109	0	3.648127	0	-2.513388	0	-8.041912	0	-5.438641	0	-9.59533	0	-8.491172	0	-5.819635	0	-5.462348	0	3.648127	0	5.409022	4.761909	-0.5729643	1.652018	-2.663634	-2.323686	-8.063919	-2.435895	-0.9012431	-0.9670186	-2.046097	-0.9156361	-4.188263	0.6002764	-2.162025	-2.181347	-1.106013	-2.05188	-3.595025	-3.119644	1.289222	-4.149559	0.9994838	270.3391	216.3842	0	0	327.6588	223.3457	390.1774	218.689	0	0	448.6293	217.3069	363.7435	287.4723	0	0						
AFDES	20160317	Medit M07fearface Forward-5	0	MALE	test	TestImage	Emotient FACET	1720	1720			41	1720	1	206	136	288	288	-4.98082	0	-9.458004	0	-1.413989	0	3.531971	0	-2.156873	0	-7.807671	0	-4.788293	0	-9.172257	0	-8.135149	0	-5.245673	0	-4.98082	0	3.531971	0	5.273654	4.577721	-0.5749773	1.452965	-2.74589	-2.452825	-8.071917	-2.450036	-0.9051051	-0.8148224	-2.049219	-0.9235678	-4.050838	0.6385927	-2.123287	-2.174419	-1.121736	-2.032751	-3.347198	-3.004842	1.13965	-4.531934	1.161225	268.6442	218.168	0	0	326.4666	223.1582	390.0352	216.9698	0	0	446.1116	216.4746	361.8275	287.9326	0	0						
AFDES	20160317	Medit M07fearface Forward-5	0	MALE	test	TestImage	Emotient FACET	1760	1760			42	1760	1	204	136	290	290	-5.179711	0	-9.565007	0	-1.480616	0	3.50465	0	-2.221023	0	-7.950295	0	-4.911416	0	-9.232777	0	-8.288863	0	-5.422451	0	-5.179711	0	3.50465	0	5.443987	4.747987	-0.6853828	1.491249	-2.794219	-2.442621	-8.132363	-2.571567	-0.8948289	-0.7454798	-1.962972	-0.8046372	-3.992425	0.6790395	-2.148451	-2.005594	-1.109811	-1.973075	-3.199229	-3.01389	1.021611	-4.620175	1.659571	265.7757	218.9021	0	0	326.6328	224.1775	388.854	218.532	0	0	446.5518	217.2383	360.6768	287.963	0	0						
AFDES	20160317	Medit M07fearface Forward-5	0	MALE	test	TestImage	Emotient FACET	1800	1800			43	1800	1	204	136	291	291	-4.818587	0	-9.468384	0	-1.583518	0	3.505474	0	-2.12245	0	-7.607755	0	-4.703446	0	-9.099208	0	-8.086409	0	-5.098065	0	-4.818587	0	3.505474	0	5.372958	4.671449	-0.7372287	1.517309	-2.752863	-2.439357	-8.250067	-2.497315	-0.9192149	-0.5711775	-1.999022	-0.8877404	-3.977933	0.8743823	-2.121437	-2.077166	-1.019741	-1.994334	-3.104653	-3.142743	1.258285	-4.28586	1.991329	266.7098	219.9112	0	0	325.2252	224.7734	389.0439	217.8189	0	0	446.7162	217.039	361.391	288.5301	0	0						
AFDES	20160317	Medit M07fearface Forward-5	0	MALE	test	TestImage	Emotient FACET	1840	1840			44	1840	1	203	136	293	293	-4.882679	0	-9.695921	0	-1.738588	0	3.583899	0	-2.167013	0	-7.855438	0	-4.706666	0	-9.081864	0	-8.229766	0	-5.194383	0	-4.882679	0	3.583899	0	5.531091	4.728319	-0.7393219	1.497841	-2.815713	-2.401709	-8.415891	-2.710273	-0.8667588	-0.5890347	-2.047355	-0.9568969	-3.846796	0.9887893	-2.143372	-2.052544	-0.8842919	-1.880459	-3.125875	-3.212341	1.383477	-4.223804	1.984386	265.7327	220.0207	0	0	326.0831	225.198	388.1725	218.7324	0	0	447.7783	216.9689	361.3111	289.5901	0	0						
AFDES	20160317	Medit M07fearface Forward-5	0	MALE	test	TestImage	Emotient FACET	1880	1880			45	1880	1	203	137	291	291	-4.907291	0	-9.523129	0	-1.521532	0	3.486187	0	-2.107841	0	-7.755774	0	-4.721997	0	-9.082347	0	-8.150944	0	-5.193891	0	-4.907291	0	3.486187	0	5.444793	4.722219	-0.7258788	1.439824	-2.776053	-2.443969	-8.191534	-2.563164	-0.8741756	-0.6621909	-2.000109	-0.8517104	-3.893783	0.753804	-2.162085	-2.03113	-1.066913	-1.966185	-3.070223	-3.034644	1.693254	-3.818567	2.267071	265.4985	219.9685	0	0	324.8662	225.5052	388.7523	218.8512	0	0	446.1885	217.4266	360.6432	289.0134	0	0						
AFDES	20160317	Medit M07fearface Forward-5	0	MALE	test	TestImage	Emotient FACET	1920	1920			46	1920	1	204	138	290	290	-4.585248	0	-9.357002	0	-1.526855	0	3.485776	0	-1.938112	0	-7.561864	0	-4.48888	0	-8.922392	0	-7.8315	0	-4.895257	0	-4.585248	0	3.485776	0	5.359397	4.59755	-0.6263459	1.354693	-2.693157	-2.435316	-8.159974	-2.459058	-0.8289889	-0.5330934	-1.923053	-0.8432755	-3.879331	0.8245897	-2.117907	-2.039515	-1.105416	-2.045445	-3.010494	-3.056813	1.458533	-3.660149	2.360137	264.9998	220.6394	0	0	325.8948	226.1809	388.0005	219.6665	0	0	445.5807	218.304	360.8232	289.729	0	0						
AFDES	20160317	Medit M07fearface Forward-5	0	MALE	test	TestImage	Emotient FACET	1960	1960			47	1960	1	200	136	294	294	-5.00726	0	-9.688551	0	-1.645086	0	3.510266	0	-2.108169	0	-8.054664	0	-4.553374	0	-8.772273	0	-8.213524	0	-5.270065	0	-5.00726	0	3.510266	0	5.622077	4.738732	-0.7840404	1.428134	-2.721011	-2.261569	-8.214061	-2.868297	-0.7994274	-0.7553994	-1.947163	-0.9874454	-3.683012	0.7486275	-2.193064	-1.895648	-0.8603848	-1.725065	-2.947273	-2.993406	1.293268	-3.941439	2.408828	263.0801	219.0977	0	0	324.7471	226.2667	387.3089	218.9582	0	0	445.4738	217.7824	359.4946	290.9297	0	0						
AFDES	20160317	Medit M07fearface Forward-5	0	MALE	test	TestImage	Emotient FACET	2000	2000			48	2000	1	203	137	291	291	-4.634349	0	-9.417089	0	-1.598118	0	3.536754	0	-2.011355	0	-7.550851	0	-4.481527	0	-8.899447	0	-7.971528	0	-4.968161	0	-4.634349	0	3.536754	0	5.410007	4.652687	-0.7826773	1.442851	-2.745053	-2.457835	-8.227075	-2.48062	-0.8779125	-0.6510252	-2.046357	-0.932351	-3.857589	0.8167436	-2.19471	-2.056339	-0.9450397	-1.904198	-2.950725	-2.952006	1.857305	-3.590964	2.591771	264.4827	220.6952	0	0	326.6343	225.8254	386.8249	218.4196	0	0	445.3155	216.1364	360.4139	290.4204	0	0						
AFDES	20160317	Medit M07fearface Forward-5	0	MALE	test	TestImage	Emotient FACET	2040	2040			49	2040	1	202	137	292	292	-4.642195	0	-9.285881	0	-1.660057	0	3.530107	0	-1.938342	0	-7.561055	0	-4.443337	0	-8.690518	0	-7.848363	0	-5.02277	0	-4.642195	0	3.530107	0	5.343537	4.583376	-0.8096322	1.253603	-2.69693	-2.401731	-7.986507	-2.580298	-0.815843	-0.7315692	-2.153024	-0.9795239	-3.838433	0.706246	-2.167135	-1.973767	-1.013957	-1.921885	-2.91378	-2.807178	1.848707	-3.590409	2.642208	264.4305	220.194	0	0	323.7221	225.4154	387.7968	219.7036	0	0	444.8481	217.5766	359.6969	290.8779	0	0						
AFDES	20160317	Medit M07fearface Forward-5	0	MALE	test	TestImage	Emotient FACET	2080	2080			50	2080	1	200	136	294	294	-4.783329	0	-9.313071	0	-1.764479	0	3.546653	0	-1.968112	0	-7.617589	0	-4.532519	0	-8.524806	0	-7.936892	0	-5.016384	0	-4.783329	0	3.546653	0	5.343875	4.546317	-0.8643595	1.207516	-2.631389	-2.308218	-7.878741	-2.632996	-0.7945901	-0.7968447	-2.10911	-1.043883	-3.730806	0.8177165	-2.185483	-1.919941	-0.8327155	-1.791533	-2.859725	-2.728879	1.900019	-3.795727	2.874583	262.4087	220.0327	0	0	324.3733	225.8311	387.5288	220.2353	0	0	445.4165	217.3063	358.6344	290.2118	0	0						
AFDES	20160317	Medit M07fearface Forward-5	0	MALE	test	TestImage	Emotient FACET	2120	2120			51	2120	1	200	137	294	294	-4.857539	0	-9.300649	0	-1.74512	0	3.528766	0	-1.969731	0	-7.744769	0	-4.419996	0	-8.478316	0	-7.91059	0	-4.931091	0	-4.857539	0	3.528766	0	5.385188	4.540158	-0.8188307	1.357103	-2.739766	-2.295244	-8.028536	-2.724111	-0.8437628	-0.7751279	-2.076561	-1.034134	-3.668591	0.8139811	-2.199969	-1.92611	-0.8845792	-1.798277	-2.812617	-2.901419	1.567346	-4.211049	2.847566	262.5189	220.0072	0	0	323.1292	227.3939	386.465	219.1404	0	0	444.706	217.277	357.9141	291.2402	0	0						
AFDES	20160317	Medit M07fearface Forward-5	0	MALE	test	TestImage	Emotient FACET	2160	2160			52	2160	1	199	136	295	295	-4.666689	0	-9.139575	0	-1.759089	0	3.535366	0	-1.92024	0	-7.618251	0	-4.488745	0	-8.341625	0	-7.819048	0	-4.935011	0	-4.666689	0	3.535366	0	5.240691	4.462696	-0.8758175	1.268628	-2.682127	-2.308377	-7.806382	-2.686516	-0.7744054	-0.7890193	-2.076589	-1.039994	-3.647441	0.8258058	-2.216108	-1.843241	-0.8582636	-1.752542	-2.686768	-2.799214	1.624988	-4.127611	2.856745	261.9155	219.9381	0	0	322.235	226.6653	386.4853	219.93	0	0	444.6632	216.9497	357.5815	290.1205	0	0						
AFDES	20160317	Medit M07fearface Forward-5	0	MALE	test	TestImage	Emotient FACET	2200	2200			53	2200	1	200	137	293	293	-4.49952	0	-9.148347	0	-1.756091	0	3.512818	0	-1.807291	0	-7.486458	0	-4.349315	0	-8.316888	0	-7.685029	0	-4.887753	0	-4.49952	0	3.512818	0	5.240304	4.461451	-0.8364744	1.153229	-2.58393	-2.30193	-7.756584	-2.626687	-0.7249848	-0.7099989	-2.086654	-1.021472	-3.69628	0.7922531	-2.143276	-1.853058	-0.8870599	-1.816066	-2.72919	-2.620679	1.542948	-3.815918	2.604078	262.5352	220.6237	0	0	323.006	226.7232	386.2305	220.2091	0	0	444.7014	219.0048	358.8317	290.7557	0	0						
AFDES	20160317	Medit M07fearface Forward-5	0	MALE	test	TestImage	Emotient FACET	2240	2240			54	2240	1	199	138	294	294	-4.509919	0	-9.111588	0	-1.787434	0	3.455163	0	-1.809868	0	-7.529552	0	-4.348914	0	-8.265266	0	-7.65445	0	-4.887629	0	-4.509919	0	3.455163	0	5.273755	4.442072	-0.8339943	1.192543	-2.578451	-2.25624	-7.709495	-2.633893	-0.7153297	-0.6752267	-2.019549	-1.003636	-3.596229	0.8242629	-2.125915	-1.812818	-0.8631776	-1.744079	-2.6322	-2.637572	1.393995	-3.572193	2.325233	261.0917	220.8	0	0	322.9686	227.0871	386.0127	220.6057	0	0	443.4296	219.1718	358.3479	291.5121	0	0						
AFDES	20160317	Medit M07fearface Forward-5	0	MALE	test	TestImage	Emotient FACET	2280	2280			55	2280	1	197	136	297	297	-4.221275	0	-8.971897	0	-1.729994	0	3.364846	0	-1.590047	0	-7.480742	0	-4.054115	0	-7.907393	0	-7.488729	0	-4.608432	0	-4.221275	0	3.364846	0	5.1882	4.402301	-0.8749194	1.139398	-2.514309	-2.176977	-7.763773	-2.768806	-0.6623965	-0.6682396	-1.973783	-1.045918	-3.348593	0.8635158	-2.170551	-1.696785	-0.7588131	-1.592902	-2.546183	-2.568523	1.30618	-3.707591	2.816281	260.5074	220.9075	0	0	320.4346	226.2022	385.8582	219.8	0	0	444.3643	218.8937	357.5123	291.935	0	0						
AFDES	20160317	Medit M07fearface Forward-5	0	MALE	test	TestImage	Emotient FACET	2320	2320			56	2320	1	197	137	297	297	-4.288408	0	-8.977848	0	-1.740961	0	3.377176	0	-1.63242	0	-7.490434	0	-4.067696	0	-7.995778	0	-7.554623	0	-4.656097	0	-4.288408	0	3.377176	0	5.245885	4.453025	-0.8569548	1.272243	-2.545299	-2.169963	-7.822178	-2.795421	-0.6622488	-0.6525517	-1.964159	-1.043211	-3.36166	0.8756623	-2.165054	-1.743124	-0.7587385	-1.595074	-2.598159	-2.735459	1.194411	-3.629809	2.735121	259.9833	221.8318	0	0	321.6354	227.4819	385.7885	220.5388	0	0	444.1581	219.1867	357.6367	292.8204	0	0						
AFDES	20160317	Medit M07fearface Forward-5	0	MALE	test	TestImage	Emotient FACET	2360	2360			57	2360	1	198	138	295	295	-4.265618	0	-9.113022	0	-1.717586	0	3.327828	0	-1.639991	0	-7.573683	0	-4.081257	0	-8.125089	0	-7.610481	0	-4.703597	0	-4.265618	0	3.327828	0	5.270799	4.40775	-0.8165199	1.267411	-2.635165	-2.217016	-7.827952	-2.81995	-0.6565591	-0.6107212	-2.004764	-1.016196	-3.41038	0.8911373	-2.10133	-1.79231	-0.7766708	-1.60294	-2.546215	-2.802911	1.420754	-3.712934	2.616214	260.2697	221.9482	0	0	322.7628	227.5962	385.774	221.1802	0	0	443.6594	219.6909	357.7253	292.7632	0	0						
AFDES	20160317	Medit M07fearface Forward-5	0	MALE	test	TestImage	Emotient FACET	2400	2400			58	2400	1	198	136	296	296	-4.619584	0	-9.042318	0	-1.731159	0	3.450078	0	-1.814445	0	-7.631179	0	-4.438058	0	-8.063807	0	-7.696798	0	-4.774272	0	-4.619584	0	3.450078	0	5.171422	4.442366	-0.8792039	1.300369	-2.644111	-2.244004	-7.862393	-2.796245	-0.7345476	-0.8259653	-2.004036	-1.08998	-3.522095	0.8608139	-2.25572	-1.791225	-0.7790722	-1.606842	-2.632778	-2.75056	1.532007	-3.409704	2.87546	260.3659	221.2232	0	0	323.1064	226.3394	386.4203	219.8818	0	0	443.9567	217.4341	357.1491	292.0742	0	0						
AFDES	20160317	Medit M07fearface Forward-5	0	MALE	test	TestImage	Emotient FACET	2440	2440			59	2440	1	198	138	295	295	-4.205194	0	-9.030288	0	-1.659145	0	3.332572	0	-1.622523	0	-7.476645	0	-4.175797	0	-8.039082	0	-7.478919	0	-4.609433	0	-4.205194	0	3.332572	0	5.203236	4.385576	-0.776181	1.279296	-2.6283	-2.188102	-7.672758	-2.781997	-0.6802079	-0.6368811	-2.009931	-1.028373	-3.45126	0.8489828	-2.138536	-1.833223	-0.8397963	-1.669007	-2.526144	-2.710996	1.268654	-3.628061	2.542641	260.6013	221.4808	0	0	323.0063	227.7412	385.4331	219.9529	0	0	443.3488	219.4831	357.8726	292.9417	0	0						
AFDES	20160317	Medit M07fearface Forward-5	0	MALE	test	TestImage	Emotient FACET	2480	2480			60	2480	1	199	138	295	295	-4.367616	0	-9.169744	0	-1.63087	0	3.383514	0	-1.746498	0	-7.593566	0	-4.269706	0	-8.179255	0	-7.671918	0	-4.765938	0	-4.367616	0	3.383514	0	5.281531	4.45662	-0.7625483	1.41337	-2.652424	-2.191661	-7.812376	-2.787434	-0.692958	-0.6789095	-2.008913	-1.048246	-3.491827	0.8646447	-2.162178	-1.870081	-0.7949413	-1.630574	-2.621291	-2.813189	1.241703	-3.506782	2.507621	260.8962	221.8936	0	0	323.175	228.0089	385.6243	221.0386	0	0	444.3593	219.0665	358.0684	292.3132	0	0						
AFDES	20160317	Medit M07fearface Forward-5	0	MALE	test	TestImage	Emotient FACET	2520	2520			61	2520	1	198	136	297	297	-4.593878	0	-9.014084	0	-1.655449	0	3.38215	0	-1.823901	0	-7.604994	0	-4.473818	0	-8.036725	0	-7.673867	0	-4.774015	0	-4.593878	0	3.38215	0	5.179372	4.444419	-0.8407904	1.362658	-2.619174	-2.168316	-7.786856	-2.794335	-0.7331162	-0.8072481	-2.011347	-1.062418	-3.555241	0.8277382	-2.210016	-1.831195	-0.7474197	-1.56391	-2.631126	-2.824205	1.60522	-3.418788	2.748753	262.3034	220.6383	0	0	320.2523	227.0809	386.7759	220.3504	0	0	444.9337	217.7581	358.0572	292.3059	0	0						
AFDES	20160317	Medit M07fearface Forward-5	0	MALE	test	TestImage	Emotient FACET	2560	2560			62	2560	1	198	137	295	295	-4.195828	0	-8.98865	0	-1.657904	0	3.319661	0	-1.638188	0	-7.398294	0	-4.36656	0	-7.993945	0	-7.452966	0	-4.600198	0	-4.195828	0	3.319661	0	5.126017	4.391424	-0.8318166	1.170995	-2.500906	-2.177261	-7.523513	-2.655336	-0.6357772	-0.6537056	-2.038101	-1.01329	-3.576061	0.8634696	-2.147834	-1.84389	-0.7948468	-1.65005	-2.510778	-2.567122	1.4352	-3.491456	2.537494	261.1035	220.6936	0	0	322.6366	227.4833	385.533	219.9872	0	0	443.9364	219.1499	358.1209	292.2984	0	0						
AFDES	20160317	Medit M07fearface Forward-5	0	MALE	test	TestImage	Emotient FACET	2600	2600			63	2600	1	200	138	293	293	-4.264189	0	-8.847008	0	-1.662075	0	3.380434	0	-1.656487	0	-7.291639	0	-4.358667	0	-7.98057	0	-7.323069	0	-4.609004	0	-4.264189	0	3.380434	0	4.976275	4.28716	-0.8540167	1.061225	-2.492977	-2.227395	-7.508969	-2.573693	-0.7052872	-0.6855785	-2.03064	-1.03817	-3.793093	0.8605542	-2.064842	-1.908829	-0.8740612	-1.791754	-2.610563	-2.358803	1.666448	-3.695972	2.60415	262.409	221.0383	0	0	323.373	226.5869	385.4718	221.7577	0	0	444.7565	217.986	356.9703	290.9353	0	0						
AFDES	20160317	Medit M07fearface Forward-5	0	MALE	test	TestImage	Emotient FACET	2640	2640			64	2640	1	199	138	294	294	-4.044896	0	-9.074517	0	-1.612177	0	3.321028	0	-1.590483	0	-7.412098	0	-4.319576	0	-8.062337	0	-7.394856	0	-4.539762	0	-4.044896	0	3.321028	0	5.120941	4.368472	-0.8160563	1.122973	-2.545435	-2.20895	-7.640423	-2.697545	-0.614086	-0.5633273	-2.067462	-1.042727	-3.673823	0.8970675	-2.031261	-1.917211	-0.8562098	-1.747233	-2.573811	-2.48824	1.513739	-3.863275	2.734447	261.9895	221.3333	0	0	323.4953	227.6901	385.6772	220.4702	0	0	443.9895	219.1979	357.1028	292.5575	0	0						
AFDES	20160317	Medit M07fearface Forward-5	0	MALE	test	TestImage	Emotient FACET	2680	2680			65	2680	1	199	138	294	294	-4.191087	0	-9.020897	0	-1.679897	0	3.344997	0	-1.588477	0	-7.480856	0	-4.307866	0	-7.98722	0	-7.366465	0	-4.553165	0	-4.191087	0	3.344997	0	5.049689	4.306907	-0.8202088	1.058721	-2.527905	-2.247764	-7.613876	-2.719384	-0.6674516	-0.6072864	-2.089036	-1.055223	-3.722393	0.8782125	-2.048855	-1.895078	-0.8741136	-1.757187	-2.57436	-2.407317	1.996878	-3.919193	2.715688	261.9515	220.9604	0	0	322.3061	227.2544	385.7047	220.5554	0	0	443.6931	219.2966	357.0118	292.2753	0	0						
AFDES	20160317	Medit M07fearface Forward-5	0	MALE	test	TestImage	Emotient FACET	2720	2720			66	2720	1	198	137	295	295	-3.978336	0	-8.909029	0	-1.610546	0	3.241907	0	-1.464671	0	-7.325916	0	-4.177863	0	-7.825077	0	-7.274208	0	-4.389272	0	-3.978336	0	3.241907	0	5.030172	4.282983	-0.8030193	1.063943	-2.46167	-2.162354	-7.439026	-2.680934	-0.6025879	-0.561741	-2.028077	-1.017946	-3.479279	0.8794162	-2.036948	-1.810424	-0.8029033	-1.641115	-2.434776	-2.481882	1.857926	-3.871128	2.763144	261.1747	220.9959	0	0	321.9823	226.8008	385.6118	220.3949	0	0	443.8759	219.104	356.7108	292.8106	0	0						
AFDES	20160317	Medit M07fearface Forward-5	0	MALE	test	TestImage	Emotient FACET	2760	2760			67	2760	1	198	137	295	295	-4.192144	0	-8.987299	0	-1.616031	0	3.293925	0	-1.600007	0	-7.47683	0	-4.404286	0	-7.92387	0	-7.389457	0	-4.550551	0	-4.192144	0	3.293925	0	5.066947	4.329405	-0.8197669	1.100941	-2.502159	-2.171269	-7.532852	-2.73638	-0.6472395	-0.6199161	-2.057746	-1.041382	-3.638572	0.8864966	-2.038074	-1.861083	-0.7930803	-1.657533	-2.542655	-2.44979	1.78561	-3.879817	2.844945	261.278	221.0332	0	0	323.5298	226.7404	385.8467	220.4629	0	0	444.1707	219.0843	357.0355	292.5037	0	0						
AFDES	20160317	Medit M07fearface Forward-5	0	MALE	test	TestImage	Emotient FACET	2800	2800			68	2800	1	199	138	293	293	-4.219776	0	-9.032516	0	-1.558304	0	3.328793	0	-1.622647	0	-7.458907	0	-4.325874	0	-8.036267	0	-7.355034	0	-4.470056	0	-4.219776	0	3.328793	0	5.113223	4.375229	-0.7861801	1.261284	-2.634597	-2.275615	-7.74598	-2.70409	-0.7299233	-0.6077955	-2.102088	-1.048214	-3.789566	0.8706449	-2.105589	-1.988012	-0.9230995	-1.770925	-2.522762	-2.612412	1.787915	-3.613175	2.564156	260.8869	221.8099	0	0	322.2053	228.1326	385.5911	220.6629	0	0	443.1358	219.0376	357.8307	291.1729	0	0						
AFDES	20160317	Medit M07fearface Forward-5	0	MALE	test	TestImage	Emotient FACET	2840	2840			69	2840	1	199	138	294	294	-4.146549	0	-9.016996	0	-1.436099	0	3.210657	0	-1.602072	0	-7.44095	0	-4.376079	0	-8.009055	0	-7.377607	0	-4.4798	0	-4.146549	0	3.210657	0	5.123849	4.428017	-0.7790151	1.232652	-2.542502	-2.190179	-7.589753	-2.672758	-0.6460057	-0.6015989	-2.019327	-1.000126	-3.591853	0.7711436	-2.098101	-1.895319	-0.8946575	-1.693566	-2.540225	-2.57439	1.792729	-3.378469	2.471892	260.4905	221.0368	0	0	322.9194	227.803	385.7158	220.3572	0	0	442.9539	218.7547	358.1925	292.3312	0	0						
AFDES	20160317	Medit M07fearface Forward-5	0	MALE	test	TestImage	Emotient FACET	2880	2880			70	2880	1	197	137	297	297	-4.122554	0	-8.967135	0	-1.566197	0	3.273621	0	-1.543758	0	-7.429909	0	-4.187086	0	-7.776886	0	-7.337512	0	-4.40553	0	-4.122554	0	3.273621	0	5.115099	4.356324	-0.7869576	1.103684	-2.474346	-2.137395	-7.574557	-2.782355	-0.6606438	-0.6425091	-2.094997	-1.11692	-3.432766	0.8144231	-2.119055	-1.830046	-0.7621887	-1.577912	-2.458976	-2.526177	1.967668	-3.729481	3.078183	259.779	221.0117	0	0	322.1562	227.7147	385.5836	220.3955	0	0	444.0179	219.2807	357.0236	292.4797	0	0						
AFDES	20160317	Medit M07fearface Forward-5	0	MALE	test	TestImage	Emotient FACET	2920	2920			71	2920	1	196	136	298	298	-3.969499	0	-8.593148	0	-1.62281	0	3.347615	0	-1.440321	0	-7.178287	0	-4.2556	0	-7.44402	0	-7.016722	0	-4.210556	0	-3.969499	0	3.347615	0	4.874537	4.191573	-0.8326446	0.9871426	-2.408529	-2.185499	-7.441014	-2.664021	-0.6847986	-0.7152984	-2.222924	-1.279226	-3.446288	0.9082201	-2.272236	-1.857392	-0.7943866	-1.646053	-2.464627	-2.303042	1.876988	-3.553871	3.14511	259.581	220.9392	0	0	318.5694	226.4333	385.5865	220.552	0	0	444.1539	218.7971	357.1807	291.3391	0	0						
AFDES	20160317	Medit M07fearface Forward-5	0	MALE	test	TestImage	Emotient FACET	2960	2960			72	2960	1	195	135	300	300	-3.816178	0	-8.491886	0	-1.589335	0	3.249315	0	-1.427288	0	-7.145269	0	-4.315887	0	-7.406798	0	-6.974999	0	-4.155744	0	-3.816178	0	3.249315	0	4.760259	4.169171	-0.8664584	1.008916	-2.414277	-2.148134	-7.49001	-2.694728	-0.6301956	-0.646018	-2.166863	-1.223367	-3.417123	0.9272248	-2.236164	-1.730125	-0.764078	-1.571356	-2.353984	-2.420054	1.990416	-3.450232	3.22047	260.0367	221.0112	0	0	318.113	225.8508	385.5479	220.4668	0	0	445.9313	218.7458	357.191	291.2515	0	0						
AFDES	20160317	Medit M07fearface Forward-5	0	MALE	test	TestImage	Emotient FACET	3000	3000			73	3000	1	196	136	298	298	-3.939479	0	-8.718219	0	-1.56206	0	3.263666	0	-1.540323	0	-7.308416	0	-4.387576	0	-7.654403	0	-7.231313	0	-4.391765	0	-3.939479	0	3.263666	0	4.938075	4.283869	-0.8844092	1.083861	-2.409255	-2.132491	-7.521072	-2.753212	-0.5971295	-0.6136099	-2.223755	-1.214519	-3.499698	0.7937385	-2.212686	-1.804155	-0.8139718	-1.576497	-2.52	-2.511701	1.817762	-3.495496	3.100628	260.3762	220.7953	0	0	320.0726	227.398	386.2157	220.6006	0	0	444.532	218.4757	357.5204	293.0313	0	0						
AFDES	20160317	Medit M07fearface Forward-5	0	MALE	test	TestImage	Emotient FACET	3040	3040			74	3040	1	196	136	299	299	-4.08126	0	-8.739934	0	-1.607588	0	3.267586	0	-1.602576	0	-7.43621	0	-4.539212	0	-7.714323	0	-7.270129	0	-4.464856	0	-4.08126	0	3.267586	0	4.977072	4.352303	-0.9032699	1.178855	-2.445253	-2.125229	-7.620814	-2.80392	-0.6306254	-0.6221204	-2.232908	-1.227271	-3.543323	0.7638929	-2.253444	-1.810854	-0.8205206	-1.5744	-2.527112	-2.667978	1.723045	-3.363162	3.022414	260.4555	221.1378	0	0	320.3501	227.3763	386.1681	220.71	0	0	445.0515	218.2075	357.4228	292.7302	0	0						
AFDES	20160317	Medit M07fearface Forward-5	0	MALE	test	TestImage	Emotient FACET	3080	3080			75	3080	1	197	137	297	297	-3.920447	0	-8.827295	0	-1.654575	0	3.312804	0	-1.476142	0	-7.414373	0	-4.408407	0	-7.7012	0	-7.168337	0	-4.371396	0	-3.920447	0	3.312804	0	4.942639	4.289025	-0.8388361	0.9990159	-2.461644	-2.191949	-7.455976	-2.712965	-0.6080625	-0.546001	-2.150298	-1.155723	-3.553059	0.899789	-2.109192	-1.75406	-0.8049905	-1.626236	-2.406299	-2.484502	1.961753	-3.283561	2.921587	260.5213	220.9056	0	0	321.2748	227.6042	386.0441	220.4102	0	0	444.816	218.8842	358.2256	291.6058	0	0						
AFDES	20160317	Medit M07fearface Forward-5	0	MALE	test	TestImage	Emotient FACET	3120	3120			76	3120	1	197	137	296	296	-3.890673	0	-8.780064	0	-1.622759	0	3.319038	0	-1.367655	0	-7.323713	0	-4.229329	0	-7.570051	0	-7.026898	0	-4.186883	0	-3.890673	0	3.319038	0	4.93378	4.228155	-0.8019922	0.8926677	-2.447106	-2.212306	-7.387138	-2.703384	-0.6533195	-0.5677696	-2.196832	-1.202445	-3.516019	0.8857217	-2.108798	-1.833804	-0.7868245	-1.643566	-2.364388	-2.341852	2.180857	-3.168102	2.957616	260.737	220.7502	0	0	320.2738	227.468	386.0743	220.4523	0	0	443.8971	219.1862	357.6565	292.1525	0	0						
AFDES	20160317	Medit M07fearface Forward-5	0	MALE	test	TestImage	Emotient FACET	3160	3160			77	3160	1	198	137	296	296	-3.932568	0	-8.890617	0	-1.668029	0	3.373089	0	-1.437111	0	-7.40717	0	-4.38009	0	-7.69226	0	-7.13246	0	-4.286958	0	-3.932568	0	3.373089	0	4.905684	4.229865	-0.808242	0.897844	-2.43667	-2.212638	-7.440375	-2.725737	-0.6436899	-0.5622915	-2.224587	-1.23468	-3.664472	1.004115	-2.048032	-1.881413	-0.7323853	-1.649772	-2.397884	-2.306233	2.024938	-3.096485	2.920735	261.6543	220.8112	0	0	321.2416	227.6957	386.1969	220.5406	0	0	444.6732	219.1962	357.8564	292.2776	0	0						
AFDES	20160317	Medit M07fearface Forward-5	0	MALE	test	TestImage	Emotient FACET	3200	3200			78	3200	1	197	137	297	297	-3.812651	0	-8.772529	0	-1.626495	0	3.341156	0	-1.394885	0	-7.269155	0	-4.301755	0	-7.586953	0	-7.061249	0	-4.194564	0	-3.812651	0	3.341156	0	4.838271	4.194803	-0.8219193	0.8831054	-2.419302	-2.203905	-7.384187	-2.688707	-0.6201149	-0.5561135	-2.239506	-1.244994	-3.56804	0.9899338	-2.076772	-1.853928	-0.7253511	-1.630647	-2.351728	-2.338284	2.047079	-3.045693	3.049904	260.7342	220.8193	0	0	321.3184	227.5836	386.0901	220.4914	0	0	444.6459	219.0407	357.6541	292.0734	0	0						
AFDES	20160317	Medit M07fearface Forward-5	0	MALE	test	TestImage	Emotient FACET	3240	3240			79	3240	1	200	138	293	293	-4.061882	0	-8.806935	0	-1.576049	0	3.421486	0	-1.510246	0	-7.371638	0	-4.457965	0	-7.793624	0	-7.046535	0	-4.409686	0	-4.061882	0	3.421486	0	4.847258	4.202533	-0.7604095	0.9410701	-2.467136	-2.244916	-7.475763	-2.729428	-0.6829271	-0.6788052	-2.359302	-1.307273	-3.921006	0.8937827	-2.013212	-2.107509	-0.8712347	-1.822022	-2.527453	-2.315536	2.011629	-3.416348	2.890914	261.9089	221.6885	0	0	323.1987	227.4673	385.899	220.8308	0	0	444.0238	220.191	358.0018	291.6527	0	0						
AFDES	20160317	Medit M07fearface Forward-5	0	MALE	test	TestImage	Emotient FACET	3280	3280			80	3280	1	200	138	294	294	-4.030994	0	-8.905218	0	-1.680967	0	3.428757	0	-1.514835	0	-7.45335	0	-4.472037	0	-7.829551	0	-7.081752	0	-4.352132	0	-4.030994	0	3.428757	0	4.932628	4.259591	-0.8071253	0.9742396	-2.542319	-2.237751	-7.672779	-2.808188	-0.7123191	-0.625388	-2.366057	-1.281186	-3.897876	0.9572912	-2.048065	-2.077166	-0.8882486	-1.854504	-2.526457	-2.398603	1.879482	-3.442704	2.835844	261.3689	221.8715	0	0	323.865	227.5938	386.05	220.9116	0	0	444.2177	219.2803	358.1447	291.5262	0	0						
AFDES	20160317	Medit M07fearface Forward-5	0	MALE	test	TestImage	Emotient FACET	3320	3320			81	3320	1	198	137	297	297	-3.961157	0	-8.826476	0	-1.580237	0	3.328855	0	-1.472194	0	-7.336853	0	-4.346022	0	-7.646212	0	-7.160746	0	-4.228553	0	-3.961157	0	3.328855	0	4.886048	4.248079	-0.8387788	0.9273228	-2.449395	-2.180023	-7.498881	-2.728521	-0.6565662	-0.6067585	-2.187774	-1.179262	-3.583957	0.9640445	-2.093694	-1.84817	-0.7745356	-1.65388	-2.419933	-2.457172	2.314943	-2.87041	2.624156	260.0598	221.0826	0	0	323.0051	226.6889	386.5762	220.6673	0	0	444.251	219.1347	358.6205	292.6058	0	0						
AFDES	20160317	Medit M07fearface Forward-5	0	MALE	test	TestImage	Emotient FACET	3360	3360			82	3360	1	197	137	297	297	-3.823038	0	-8.676839	0	-1.629343	0	3.304462	0	-1.316515	0	-7.177989	0	-4.018398	0	-7.364614	0	-6.887596	0	-4.02263	0	-3.823038	0	3.304462	0	4.900297	4.170349	-0.8012456	0.824816	-2.403941	-2.186193	-7.465951	-2.743438	-0.6640129	-0.6032318	-2.273365	-1.287552	-3.496701	0.8932671	-2.157125	-1.889042	-0.8250245	-1.679906	-2.393616	-2.296338	2.243226	-2.695801	2.673869	260.5105	220.7839	0	0	320.5858	227.9223	386.3978	220.6373	0	0	444.0325	219.6482	357.7164	293.3025	0	0						
AFDES	20160317	Medit M07fearface Forward-5	0	MALE	test	TestImage	Emotient FACET	3400	3400			83	3400	1	199	138	294	294	-3.90924	0	-8.739957	0	-1.604389	0	3.368344	0	-1.428159	0	-7.250846	0	-4.316956	0	-7.688312	0	-6.943836	0	-4.211801	0	-3.90924	0	3.368344	0	4.854565	4.198953	-0.7586256	0.9368251	-2.473654	-2.215705	-7.50562	-2.72544	-0.6703787	-0.6012576	-2.313712	-1.271199	-3.806285	0.896111	-2.012522	-2.08638	-0.935867	-1.872664	-2.551204	-2.447744	1.902116	-3.540498	2.779984	261.8646	221.7893	0	0	323.4208	228.1071	385.7511	221.0694	0	0	443.956	219.5336	357.7792	292.8165	0	0						
AFDES	20160317	Medit M07fearface Forward-5	0	MALE	test	TestImage	Emotient FACET	3440	3440			84	3440	1	199	138	294	294	-3.870191	0	-8.670371	0	-1.581775	0	3.336688	0	-1.323999	0	-7.247752	0	-4.237674	0	-7.532033	0	-6.856729	0	-4.101397	0	-3.870191	0	3.336688	0	4.75481	4.110439	-0.7641459	0.8004941	-2.432585	-2.231712	-7.36581	-2.765681	-0.6410156	-0.5826486	-2.307712	-1.31647	-3.690778	0.8791259	-2.004166	-2.053406	-0.8915733	-1.814807	-2.514247	-2.298003	2.163749	-3.616123	2.768425	261.1003	221.2015	0	0	323.3052	227.671	385.9901	221.0963	0	0	443.3697	219.5833	357.4914	292.9008	0	0						
AFDES	20160317	Medit M07fearface Forward-5	0	MALE	test	TestImage	Emotient FACET	3480	3480			85	3480	1	198	138	295	295	-3.954784	0	-8.668555	0	-1.652715	0	3.404958	0	-1.359487	0	-7.26425	0	-4.11804	0	-7.450444	0	-6.864471	0	-4.054869	0	-3.954784	0	3.404958	0	4.827589	4.112557	-0.7766281	0.7639909	-2.472085	-2.249413	-7.399497	-2.705402	-0.6746682	-0.6136748	-2.255254	-1.302595	-3.523116	0.9748511	-2.061146	-1.953284	-0.7754077	-1.688024	-2.387287	-2.387152	2.029608	-3.088032	2.545431	261.9909	221.6692	0	0	319.1185	226.9543	385.6487	221.3429	0	0	443.5646	219.4797	357.8979	293.5695	0	0						
AFDES	20160317	Medit M07fearface Forward-5	0	MALE	test	TestImage	Emotient FACET	3520	3520			86	3520	1	199	138	295	295	-3.991557	0	-8.693014	0	-1.640774	0	3.346843	0	-1.379938	0	-7.307099	0	-4.26691	0	-7.523466	0	-6.895281	0	-4.130378	0	-3.991557	0	3.346843	0	4.820552	4.147037	-0.797944	0.8577229	-2.466097	-2.230456	-7.447303	-2.694477	-0.6762402	-0.5775393	-2.212134	-1.228362	-3.705059	0.9234135	-2.040948	-1.970982	-0.8519514	-1.757837	-2.403044	-2.357665	2.190776	-3.277177	2.938098	261.2294	221.388	0	0	322.0132	228.0184	385.5728	220.9994	0	0	443.4468	219.2061	357.9247	292.9299	0	0						
AFDES	20160317	Medit M07fearface Forward-5	0	MALE	test	TestImage	Emotient FACET	3560	3560			87	3560	1	199	138	293	293	-3.956969	0	-8.742285	0	-1.61781	0	3.371134	0	-1.314623	0	-7.363996	0	-4.215346	0	-7.499101	0	-6.793968	0	-4.060898	0	-3.956969	0	3.371134	0	4.838336	4.134208	-0.7230595	0.8056176	-2.500655	-2.288801	-7.476705	-2.770624	-0.6786589	-0.5660616	-2.319536	-1.341985	-3.691202	0.8941048	-2.052025	-2.058573	-0.9076246	-1.840869	-2.409506	-2.244837	2.15387	-3.918792	3.047324	261.2455	221.7339	0	0	321.7159	228.0831	385.0834	220.827	0	0	443.437	220.351	357.7886	291.5502	0	0						
AFDES	20160317	Medit M07fearface Forward-5	0	MALE	test	TestImage	Emotient FACET	3600	3600			88	3600	1	199	138	294	294	-3.987408	0	-8.666492	0	-1.571275	0	3.366834	0	-1.315691	0	-7.319867	0	-4.170618	0	-7.455088	0	-6.786857	0	-4.001554	0	-3.987408	0	3.366834	0	4.774944	4.105916	-0.742498	0.7620105	-2.509124	-2.28887	-7.467704	-2.749661	-0.7031946	-0.6025909	-2.292251	-1.301514	-3.631263	0.8581659	-2.055542	-2.03231	-0.8907472	-1.814777	-2.403626	-2.28253	2.189178	-3.490857	2.881786	261.3107	221.448	0	0	321.9027	227.9843	385.7564	220.9781	0	0	443.7079	220.1034	357.7401	291.5903	0	0						
AFDES	20160317	Medit M07fearface Forward-5	0	MALE	test	TestImage	Emotient FACET	3640	3640			89	3640	1	199	138	293	293	-3.908008	0	-8.734282	0	-1.567441	0	3.362743	0	-1.308097	0	-7.29671	0	-4.162294	0	-7.538419	0	-6.859667	0	-4.060286	0	-3.908008	0	3.362743	0	4.809628	4.12103	-0.7648035	0.7617124	-2.500683	-2.305799	-7.497321	-2.768231	-0.653367	-0.5825505	-2.314265	-1.31926	-3.667246	0.8760314	-2.027893	-2.041031	-0.8931383	-1.830579	-2.422459	-2.238205	2.288547	-3.524689	2.807394	262.1294	221.3788	0	0	322.0198	227.6107	385.8349	221.0262	0	0	443.5131	220.3779	357.6328	292.9083	0	0						
AFDES	20160317	Medit M07fearface Forward-5	0	MALE	test	TestImage	Emotient FACET	3680	3680			90	3680	1	200	139	292	292	-3.759384	0	-8.75598	0	-1.579902	0	3.322404	0	-1.225608	0	-7.28337	0	-4.118803	0	-7.566971	0	-6.779072	0	-3.957256	0	-3.759384	0	3.322404	0	4.856294	4.15257	-0.7572792	0.744446	-2.485768	-2.306335	-7.547023	-2.763862	-0.6318514	-0.5406194	-2.333383	-1.333848	-3.710935	0.842493	-2.073225	-2.078326	-0.9845943	-1.93168	-2.447897	-2.272921	2.377902	-3.510461	2.768232	262.137	221.7942	0	0	323.9001	227.2499	385.8545	220.8871	0	0	443.4969	220.5439	357.8186	292.8109	0	0						
AFDES	20160317	Medit M07fearface Forward-5	0	MALE	test	TestImage	Emotient FACET	3720	3720			91	3720	1	199	138	294	294	-4.107792	0	-8.820875	0	-1.69164	0	3.456391	0	-1.36703	0	-7.429463	0	-4.175429	0	-7.517638	0	-6.914247	0	-4.10289	0	-4.107792	0	3.456391	0	4.894011	4.148934	-0.777076	0.774345	-2.540259	-2.318237	-7.593819	-2.814589	-0.7211205	-0.6238958	-2.310221	-1.365461	-3.635362	0.951377	-2.105179	-2.041964	-0.8206431	-1.757192	-2.403754	-2.285983	2.522372	-3.296993	2.883107	261.9052	221.7268	0	0	321.6261	226.5225	385.9407	220.646	0	0	443.0745	219.7277	357.3377	293.2127	0	0						
AFDES	20160317	Medit M07fearface Forward-5	0	MALE	test	TestImage	Emotient FACET	3760	3760			92	3760	1	197	138	296	296	-3.917634	0	-8.742621	0	-1.645798	0	3.266257	0	-1.258098	0	-7.39678	0	-3.907905	0	-7.327331	0	-6.777355	0	-3.910573	0	-3.917634	0	3.266257	0	4.98419	4.18195	-0.7620519	0.8089823	-2.514544	-2.229456	-7.643222	-2.888124	-0.6743118	-0.5260403	-2.267149	-1.303815	-3.372614	0.8261389	-2.14316	-1.872224	-0.8386797	-1.633156	-2.23894	-2.40457	2.261399	-2.918087	2.428819	260.0317	221.2642	0	0	320.8911	227.7384	386.9864	221.9627	0	0	442.4516	220.0175	357.8953	293.3176	0	0						
AFDES	20160317	Medit M07fearface Forward-5	0	MALE	test	TestImage	Emotient FACET	3800	3800			93	3800	1	197	138	296	296	-3.889952	0	-8.824639	0	-1.584469	0	3.209797	0	-1.269648	0	-7.453926	0	-3.925721	0	-7.442899	0	-6.896982	0	-3.986276	0	-3.889952	0	3.209797	0	5.070322	4.269963	-0.7820649	0.8773968	-2.534137	-2.219304	-7.765975	-2.920234	-0.6559168	-0.4935445	-2.281059	-1.26559	-3.421184	0.7793303	-2.18359	-1.857141	-0.8180038	-1.596818	-2.22245	-2.488067	2.34296	-2.986565	2.443371	259.7074	221.69	0	0	321.0083	227.6533	386.6786	221.4699	0	0	442.7623	220.1715	357.8839	293.2935	0	0						
AFDES	20160317	Medit M07fearface Forward-5	0	MALE	test	TestImage	Emotient FACET	3840	3840			94	3840	1	198	138	296	296	-3.851835	0	-8.763123	0	-1.552905	0	3.200696	0	-1.23143	0	-7.347873	0	-3.900758	0	-7.293769	0	-6.759026	0	-3.829122	0	-3.851835	0	3.200696	0	4.926267	4.193291	-0.7566283	0.7559305	-2.513305	-2.21254	-7.603869	-2.909248	-0.6614526	-0.5169001	-2.239328	-1.265717	-3.404935	0.8041759	-2.077166	-1.882512	-0.8149471	-1.647627	-2.238581	-2.268082	2.440124	-3.180204	2.907949	260.8339	221.9037	0	0	321.2998	227.3396	385.8806	220.6718	0	0	444.0928	220.1093	357.7535	292.3855	0	0						
AFDES	20160317	Medit M07fearface Forward-5	0	MALE	test	TestImage	Emotient FACET	3880	3880			95	3880	1	198	138	294	294	-3.995221	0	-8.755556	0	-1.561733	0	3.345773	0	-1.301275	0	-7.290794	0	-4.036901	0	-7.441684	0	-6.834626	0	-3.951987	0	-3.995221	0	3.345773	0	4.811635	4.116773	-0.7296028	0.7115782	-2.475386	-2.246982	-7.459778	-2.808556	-0.6812806	-0.589599	-2.269588	-1.325899	-3.533938	0.9179363	-2.004019	-2.013446	-0.7799337	-1.710051	-2.3722	-2.237448	2.347945	-3.248053	2.859799	261.9655	221.2111	0	0	320.5653	227.2943	385.8971	220.6485	0	0	443.8356	220.2893	357.7672	292.4044	0	0						
AFDES	20160317	Medit M07fearface Forward-5	0	MALE	test	TestImage	Emotient FACET	3920	3920			96	3920	1	198	138	295	295	-3.859277	0	-8.82237	0	-1.597151	0	3.283873	0	-1.296228	0	-7.320867	0	-4.043593	0	-7.403344	0	-6.857821	0	-3.9207	0	-3.859277	0	3.283873	0	4.900184	4.172548	-0.7845871	0.7314693	-2.434222	-2.199692	-7.556407	-2.821945	-0.6151078	-0.5515643	-2.252372	-1.340317	-3.599667	0.8876769	-2.056146	-1.999751	-0.7784173	-1.69795	-2.361733	-2.181311	2.288838	-3.194519	2.85707	260.9942	221.3746	0	0	323.0651	227.5746	385.8382	221.0135	0	0	444.3763	219.1812	357.6733	292.1337	0	0						
AFDES	20160317	Medit M07fearface Forward-5	0	MALE	test	TestImage	Emotient FACET	3960	3960			97	3960	1	199	138	293	293	-3.833674	0	-8.614254	0	-1.634308	0	3.415848	0	-1.267385	0	-7.089811	0	-4.063149	0	-7.40655	0	-6.707811	0	-3.892574	0	-3.833674	0	3.415848	0	4.70463	4.055719	-0.762567	0.5988958	-2.406104	-2.280936	-7.345429	-2.667321	-0.6504484	-0.6182417	-2.315561	-1.366442	-3.618035	0.9223096	-2.041084	-2.105993	-0.8459434	-1.841031	-2.441196	-2.123182	2.532445	-3.45697	3.126418	260.8996	221.3966	0	0	323.7266	226.7062	385.1772	220.5566	0	0	443.437	219.8371	357.1711	291.4764	0	0						
AFDES	20160317	Medit M07fearface Forward-5	0	MALE	test	TestImage	Emotient FACET	4000	4000			98	4000	1	198	138	295	295	-3.864214	0	-8.70232	0	-1.615974	0	3.353317	0	-1.297783	0	-7.1425	0	-3.943788	0	-7.389701	0	-6.833564	0	-3.874914	0	-3.864214	0	3.353317	0	4.813945	4.117027	-0.784104	0.7327994	-2.444238	-2.228106	-7.483591	-2.756392	-0.670064	-0.63879	-2.278078	-1.329662	-3.528317	0.9572131	-2.067681	-2.029828	-0.7633674	-1.731285	-2.367659	-2.218272	2.318656	-3.005864	2.882812	261.2169	221.1499	0	0	320.3665	227.6897	385.7967	220.7735	0	0	443.2926	219.4005	357.9455	292.2749	0	0						
AFDES	20160317	Medit M07fearface Forward-5	0	MALE	test	TestImage	Emotient FACET	4040	4040			99	4040	1	199	138	293	293	-3.92867	0	-8.666192	0	-1.573232	0	3.428047	0	-1.350708	0	-7.109111	0	-4.004703	0	-7.457049	0	-6.837763	0	-3.946021	0	-3.92867	0	3.428047	0	4.72337	4.057296	-0.740332	0.7159506	-2.480357	-2.280068	-7.42372	-2.719725	-0.7109174	-0.7059424	-2.299379	-1.358275	-3.694619	0.9478813	-2.019687	-2.157637	-0.841596	-1.825178	-2.457736	-2.149067	2.400627	-3.050315	2.919644	261.9939	221.358	0	0	320.7219	227.5837	385.5954	220.8701	0	0	443.0305	219.568	357.5674	292.3445	0	0						
AFDES	20160317	Medit M07fearface Forward-5	0	MALE	test	TestImage	Emotient FACET	4080	4080			100	4080	1	197	137	295	295	-3.847265	0	-8.608077	0	-1.588107	0	3.272188	0	-1.203408	0	-7.156974	0	-3.751642	0	-7.215425	0	-6.682261	0	-3.68606	0	-3.847265	0	3.272188	0	4.777134	4.076602	-0.7890112	0.6407463	-2.442424	-2.203003	-7.47541	-2.823278	-0.7021839	-0.6143917	-2.270864	-1.324831	-3.33482	0.8727436	-2.114855	-1.941661	-0.8322647	-1.720732	-2.308121	-2.166009	2.145689	-3.427704	3.148164	260.7438	220.946	0	0	319.6961	226.9474	384.8231	220.0541	0	0	443.5049	219.478	357.0789	291.8944	0	0						
AFDES	20160317	Medit M07fearface Forward-5	0	MALE	test	TestImage	Emotient FACET	4120	4120			101	4120	1	198	137	294	294	-3.978301	0	-8.652293	0	-1.577595	0	3.355318	0	-1.297634	0	-7.15444	0	-3.860805	0	-7.405563	0	-6.840234	0	-3.843386	0	-3.978301	0	3.355318	0	4.763429	4.092381	-0.7460535	0.6994894	-2.506339	-2.287605	-7.486611	-2.782793	-0.6966753	-0.6524466	-2.290683	-1.311074	-3.487922	0.8981173	-2.095034	-2.057972	-0.8364156	-1.768922	-2.398605	-2.246363	2.158288	-3.431026	3.18647	260.781	220.7924	0	0	320.0974	227.3378	385.1641	220.4056	0	0	442.8614	219.353	357.4215	291.7975	0	0						
AFDES	20160317	Medit M07fearface Forward-5	0	MALE	test	TestImage	Emotient FACET	4160	4160			102	4160	1	199	138	294	294	-3.730533	0	-8.717738	0	-1.61272	0	3.463488	0	-1.351406	0	-7.085337	0	-3.89409	0	-7.517807	0	-6.894658	0	-3.896602	0	-3.730533	0	3.463488	0	4.761115	4.074871	-0.7790541	0.7388832	-2.56045	-2.309168	-7.525633	-2.71059	-0.6558958	-0.6607375	-2.331001	-1.29676	-3.674628	1.037229	-2.015059	-2.119673	-0.784499	-1.742937	-2.372405	-2.227907	2.032931	-3.769945	3.2411	261.7593	222.3805	0	0	321.3022	226.8359	385.0163	219.7316	0	0	443.8865	218.8816	356.9022	291.5349	0	0						
AFDES	20160317	Medit M07fearface Forward-5	0	MALE	test	TestImage	Emotient FACET	4200	4200			103	4200	1	198	137	294	294	-4.163707	0	-8.814549	0	-1.608426	0	3.395077	0	-1.37437	0	-7.325574	0	-3.938086	0	-7.54844	0	-7.002511	0	-3.949151	0	-4.163707	0	3.395077	0	4.885814	4.144045	-0.7387871	0.7465485	-2.573531	-2.31574	-7.567794	-2.761322	-0.7289913	-0.663533	-2.272062	-1.312866	-3.560436	0.9306603	-2.122822	-2.071945	-0.8034014	-1.75878	-2.374841	-2.361104	1.963654	-3.645788	3.111178	259.8837	220.5209	0	0	319.638	227.3943	385.3731	220.4773	0	0	442.2857	218.9108	357.9953	290.4946	0	0						
AFDES	20160317	Medit M07fearface Forward-5	0	MALE	test	TestImage	Emotient FACET	4240	4240			104	4240	1	199	138	292	292	-3.962495	0	-8.603438	0	-1.459697	0	3.426843	0	-1.380791	0	-7.115403	0	-4.100917	0	-7.479291	0	-6.777425	0	-3.912742	0	-3.962495	0	3.426843	0	4.678765	4.044442	-0.6759397	0.6870546	-2.519037	-2.288029	-7.37983	-2.681192	-0.6967098	-0.7197269	-2.320101	-1.368604	-3.787548	0.8522469	-2.027831	-2.242183	-0.9452222	-1.912886	-2.471026	-2.107134	1.86541	-4.151361	3.150964	262.5159	220.9511	0	0	321.353	226.8887	384.7033	219.8691	0	0	443.6595	218.2968	356.1544	290.2778	0	0						
AFDES	20160317	Medit M07fearface Forward-5	0	MALE	test	TestImage	Emotient FACET	4280	4280			105	4280	1	200	138	292	292	-3.784241	0	-8.541312	0	-1.441363	0	3.466606	0	-1.401949	0	-6.928045	0	-4.112087	0	-7.420048	0	-6.769509	0	-3.87518	0	-3.784241	0	3.466606	0	4.573522	3.971722	-0.7170115	0.6268353	-2.51021	-2.293258	-7.315243	-2.579935	-0.6713749	-0.7775499	-2.431993	-1.438772	-3.832538	0.8357736	-2.028602	-2.310616	-0.885202	-1.852036	-2.477971	-2.065202	2.230279	-3.672394	2.963773	263.3435	220.5938	0	0	320.4141	226.5214	385.4054	219.415	0	0	443.3507	218.7859	357.933	290.5456	0	0						
AFDES	20160317	Medit M07fearface Forward-5	0	MALE	test	TestImage	Emotient FACET	4320	4320			106	4320	1	201	138	291	291	-3.602213	0	-8.422994	0	-1.402173	0	3.399816	0	-1.279747	0	-6.802114	0	-3.988882	0	-7.302901	0	-6.594166	0	-3.673067	0	-3.602213	0	3.399816	0	4.504096	3.932608	-0.7327006	0.5613439	-2.493143	-2.333247	-7.259834	-2.526518	-0.6683393	-0.7354977	-2.448488	-1.43722	-3.84944	0.7751703	-2.057617	-2.31928	-0.9311705	-1.887046	-2.406569	-2.04687	2.058408	-3.45625	2.978271	263.7642	220.7868	0	0	321.3853	226.134	385.5742	219.6995	0	0	443.5425	218.7224	357.8842	290.7028	0	0						
AFDES	20160317	Medit M07fearface Forward-5	0	MALE	test	TestImage	Emotient FACET	4360	4360			107	4360	1	199	138	292	292	-3.911211	0	-8.467784	0	-1.461863	0	3.411469	0	-1.30699	0	-6.989699	0	-4.02029	0	-7.33145	0	-6.699438	0	-3.795386	0	-3.911211	0	3.411469	0	4.587113	3.960537	-0.7142055	0.5426367	-2.530272	-2.381112	-7.263562	-2.616174	-0.7351076	-0.7797928	-2.327109	-1.440932	-3.771472	0.8457616	-2.078654	-2.25866	-0.8842421	-1.832435	-2.421788	-2.000124	2.197743	-3.771495	3.359101	262.8047	220.9866	0	0	319.2919	224.764	384.5927	221.2199	0	0	443.2989	218.7106	357.1716	290.1092	0	0						
AFDES	20160317	Medit M07fearface Forward-5	0	MALE	test	TestImage	Emotient FACET	4400	4400			108	4400	1	197	137	294	294	-3.767777	0	-8.35526	0	-1.532156	0	3.402257	0	-1.123353	0	-6.731973	0	-3.637377	0	-7.113577	0	-6.563411	0	-3.53747	0	-3.767777	0	3.402257	0	4.614618	3.951862	-0.7508173	0.4926857	-2.52454	-2.373645	-7.238315	-2.560127	-0.7291381	-0.7197313	-2.246138	-1.405703	-3.430245	0.9763262	-2.140418	-2.102983	-0.8175159	-1.801315	-2.34148	-2.101748	1.905568	-3.913229	3.221736	260.4214	221.2842	0	0	318.4105	225.5972	384.9027	220.0051	0	0	442.6611	219.7688	357.7692	290.0834	0	0						
AFDES	20160317	Medit M07fearface Forward-5	0	MALE	test	TestImage	Emotient FACET	4440	4440			109	4440	1	198	138	294	294	-3.97685	0	-8.550642	0	-1.505786	0	3.369226	0	-1.272	0	-7.067559	0	-3.837583	0	-7.301064	0	-6.754779	0	-3.764317	0	-3.97685	0	3.369226	0	4.756841	4.055945	-0.7484636	0.6676156	-2.592628	-2.338165	-7.459619	-2.688827	-0.7316676	-0.7171526	-2.248137	-1.333763	-3.521637	0.884815	-2.112318	-2.123288	-0.824979	-1.745751	-2.331086	-2.210829	1.945964	-3.828789	3.240967	260.6953	221.9264	0	0	320.2658	226.7132	385.2999	220.5258	0	0	443.1198	219.4422	357.6675	290.3475	0	0						
AFDES	20160317	Medit M07fearface Forward-5	0	MALE	test	TestImage	Emotient FACET	4480	4480			110	4480	1	200	138	292	292	-3.597964	0	-8.408606	0	-1.431666	0	3.341904	0	-1.196356	0	-6.871618	0	-3.881098	0	-7.221049	0	-6.537182	0	-3.620177	0	-3.597964	0	3.341904	0	4.60312	3.987935	-0.7562816	0.5756376	-2.537358	-2.358418	-7.35459	-2.60137	-0.6727391	-0.6480573	-2.30618	-1.348186	-3.6707	0.8696713	-2.049003	-2.175384	-0.8646806	-1.788333	-2.256463	-2.056656	1.881982	-3.746118	3.119914	262.6454	222.2151	0	0	321.4792	225.9177	385.4398	220.55	0	0	443.909	219.1945	357.7361	290.4455	0	0						
AFDES	20160317	Medit M07fearface Forward-5	0	MALE	test	TestImage	Emotient FACET	4520	4520			111	4520	1	199	138	293	293	-3.801459	0	-8.370854	0	-1.484088	0	3.390808	0	-1.17645	0	-6.913692	0	-3.839295	0	-7.156597	0	-6.508934	0	-3.600438	0	-3.801459	0	3.390808	0	4.614075	3.979276	-0.7627422	0.4885304	-2.546636	-2.398471	-7.387083	-2.598058	-0.7039245	-0.7034971	-2.302025	-1.39347	-3.582661	0.8388528	-2.085576	-2.166657	-0.8448943	-1.790243	-2.238476	-2.044765	1.995057	-3.76627	3.219624	262.3512	222.2496	0	0	320.8296	224.8732	385.4626	220.5436	0	0	443.7822	219.6297	357.5766	290.6284	0	0						
AFDES	20160317	Medit M07fearface Forward-5	0	MALE	test	TestImage	Emotient FACET	4560	4560			112	4560	1	199	138	294	294	-3.344054	0	-8.262225	0	-1.503433	0	3.294222	0	-0.8747845	0	-6.746212	0	-3.546683	0	-6.827714	0	-6.140006	0	-3.129124	0	-3.344054	0	3.294222	0	4.513762	3.861198	-0.763152	0.2782591	-2.453082	-2.334786	-7.287675	-2.669443	-0.6375042	-0.5699146	-2.338871	-1.461658	-3.386085	0.8771861	-2.069724	-2.105673	-0.8287826	-1.795097	-2.07702	-1.950135	2.493775	-2.934065	2.941329	262.7672	222.2174	0	0	320.9567	224.8153	386.1312	221.4787	0	0	444.5329	219.5544	357.9672	291.2838	0	0						
AFDES	20160317	Medit M07fearface Forward-5	0	MALE	test	TestImage	Emotient FACET	4600	4600			113	4600	1	201	138	292	292	-3.298935	0	-8.345576	0	-1.377657	0	3.298326	0	-1.000737	0	-6.790578	0	-3.775708	0	-7.046541	0	-6.305496	0	-3.324268	0	-3.298935	0	3.298326	0	4.52777	3.916417	-0.7768631	0.3918038	-2.58082	-2.465734	-7.372553	-2.601214	-0.6140383	-0.5501392	-2.424496	-1.417756	-3.54405	0.8667724	-2.029806	-2.144962	-0.823326	-1.72333	-2.038582	-1.873344	2.704005	-3.473061	2.973496	263.362	223.1685	0	0	321.8527	225.966	385.9746	220.9401	0	0	444.5227	219.5106	358.1602	291.0848	0	0						
AFDES	20160317	Medit M07fearface Forward-5	0	MALE	test	TestImage	Emotient FACET	4640	4640			114	4640	1	201	138	292	292	-3.030122	0	-8.172955	0	-1.343159	0	3.213337	0	-0.8873772	0	-6.694072	0	-3.788911	0	-6.971906	0	-6.15501	0	-3.139142	0	-3.030122	0	3.213337	0	4.401278	3.87425	-0.7994129	0.3339151	-2.522298	-2.430347	-7.270966	-2.582974	-0.5490305	-0.4772827	-2.434815	-1.411985	-3.528029	0.8403275	-2.045477	-2.106354	-0.8214239	-1.728393	-1.980978	-1.994081	2.471493	-2.959524	2.772156	263.6049	222.6376	0	0	322.4411	226.0707	386.4216	220.8795	0	0	444.7047	219.8452	358.9218	291.5004	0	0						
AFDES	20160317	Medit M07fearface Forward-5	0	MALE	test	TestImage	Emotient FACET	4680	4680			115	4680	1	201	139	291	291	-3.105747	0	-8.118903	0	-1.304453	0	3.184651	0	-0.8683819	0	-6.686167	0	-3.734858	0	-6.929417	0	-6.114702	0	-3.039647	0	-3.105747	0	3.184651	0	4.374951	3.856555	-0.7949902	0.3172073	-2.556058	-2.494131	-7.286847	-2.537959	-0.5984392	-0.5096965	-2.455265	-1.418595	-3.58755	0.7546404	-2.100339	-2.138247	-0.867892	-1.765364	-2.013899	-2.015048	2.373634	-2.857412	2.712502	264.2255	222.7882	0	0	322.7457	225.912	386.56	221.0967	0	0	444.5941	219.8291	358.8372	291.7604	0	0						
AFDES	20160317	Medit M07fearface Forward-5	0	MALE	test	TestImage	Emotient FACET	4720	4720			116	4720	1	202	139	292	292	-2.91889	0	-8.011684	0	-1.271461	0	3.150786	0	-0.7806369	0	-6.583036	0	-3.784213	0	-6.878657	0	-6.014621	0	-2.992935	0	-2.91889	0	3.150786	0	4.312233	3.842147	-0.8185138	0.2989642	-2.506618	-2.464353	-7.193425	-2.520545	-0.5353412	-0.4348478	-2.45857	-1.408859	-3.497097	0.7617095	-2.084703	-2.045842	-0.8246418	-1.688043	-1.915485	-2.019922	2.636621	-3.022683	2.602248	264.2215	223.1454	0	0	324.1097	226.593	387.475	221.0503	0	0	445.5514	219.5989	358.916	291.419	0	0						
AFDES	20160317	Medit M07fearface Forward-5	0	MALE	test	TestImage	Emotient FACET	4760	4760			117	4760	1	202	139	292	292	-2.668104	0	-7.961976	0	-1.393323	0	3.149999	0	-0.6272079	0	-6.364766	0	-3.409899	0	-6.650545	0	-5.794348	0	-2.737958	0	-2.668104	0	3.149999	0	4.263683	3.731701	-0.7617165	0.07425228	-2.413749	-2.44915	-7.085541	-2.496404	-0.4791808	-0.4255778	-2.446216	-1.490221	-3.530909	0.8421872	-2.07063	-2.117499	-0.8661687	-1.834871	-1.887182	-1.830594	2.427371	-2.840807	2.367468	263.8933	222.1407	0	0	324.9225	226.8629	386.6907	221.6535	0	0	444.6136	220.7106	359.0262	292.9179	0	0						
AFDES	20160317	Medit M07fearface Forward-5	0	MALE	test	TestImage	Emotient FACET	4800	4800			118	4800	1	202	139	292	292	-2.560573	0	-7.946205	0	-1.450814	0	3.169787	0	-0.5562057	0	-6.422034	0	-3.462979	0	-6.577881	0	-5.664047	0	-2.596051	0	-2.560573	0	3.169787	0	4.222971	3.70256	-0.7849743	0.03346327	-2.434841	-2.472286	-7.100562	-2.543383	-0.4515307	-0.3491303	-2.474528	-1.512665	-3.471678	0.9175444	-2.053609	-2.051994	-0.7892518	-1.74561	-1.763971	-1.795436	2.427729	-2.769028	2.272979	264.1548	222.6869	0	0	325.162	226.8204	386.6669	221.7884	0	0	445.567	220.1066	359.483	292.3033	0	0						
AFDES	20160317	Medit M07fearface Forward-5	0	MALE	test	TestImage	Emotient FACET	4840	4840			119	4840	1	202	138	292	292	-2.702366	0	-7.914241	0	-1.333082	0	3.225538	0	-0.6011296	0	-6.411566	0	-3.457399	0	-6.555704	0	-5.75174	0	-2.606888	0	-2.702366	0	3.225538	0	4.129521	3.577571	-0.8382319	0.03158878	-2.488575	-2.519716	-7.148437	-2.487072	-0.5573773	-0.473651	-2.526974	-1.526436	-3.379208	0.880674	-2.096851	-2.071103	-0.7545051	-1.61245	-1.748269	-1.716786	2.454208	-2.770741	2.621016	263.0595	222.615	0	0	324.6554	227.6866	386.7734	221.8532	0	0	445.6775	218.2953	357.9908	289.5803	0	0						
AFDES	20160317	Medit M07fearface Forward-5	0	MALE	test	TestImage	Emotient FACET	4880	4880			120	4880	1	201	139	292	292	-2.615692	0	-7.840723	0	-1.397282	0	3.172765	0	-0.5354763	0	-6.204518	0	-3.310279	0	-6.45431	0	-5.623632	0	-2.484916	0	-2.615692	0	3.172765	0	4.142364	3.617581	-0.782199	-0.02265847	-2.381093	-2.437497	-7.018251	-2.492686	-0.5208112	-0.4561166	-2.46303	-1.558224	-3.387518	0.8922818	-2.073383	-2.152931	-0.7859651	-1.73555	-1.851299	-1.716532	2.553761	-2.578967	2.711048	263.0473	222.3842	0	0	324.5752	226.9338	386.8877	221.8372	0	0	444.663	220.3442	359.1938	291.4932	0	0						
AFDES	20160317	Medit M07fearface Forward-5	0	MALE	test	TestImage	Emotient FACET	4920	4920			121	4920	1	201	139	292	292	-2.537036	0	-7.791152	0	-1.369015	0	3.190934	0	-0.4969705	0	-6.197139	0	-3.247692	0	-6.379254	0	-5.576082	0	-2.297735	0	-2.537036	0	3.190934	0	4.052341	3.527733	-0.8122299	-0.09405393	-2.406477	-2.466867	-7.056999	-2.506884	-0.5449795	-0.4845382	-2.500612	-1.576827	-3.348587	0.8926213	-2.081625	-2.15167	-0.7603394	-1.680163	-1.795863	-1.763379	2.485687	-3.464034	2.725581	263.0455	222.8486	0	0	324.4381	226.361	387.2722	222.2119	0	0	444.9234	219.2043	358.2344	290.6494	0	0						
AFDES	20160317	Medit M07fearface Forward-5	0	MALE	test	TestImage	Emotient FACET	4960	4960			122	4960	1	202	139	292	292	-2.478703	0	-7.814258	0	-1.402373	0	3.221927	0	-0.4623757	0	-6.29215	0	-3.344961	0	-6.436061	0	-5.587605	0	-2.255546	0	-2.478703	0	3.221927	0	4.005282	3.506141	-0.8214483	-0.1022168	-2.417964	-2.473208	-7.090873	-2.53689	-0.5183058	-0.4334848	-2.526469	-1.609384	-3.334239	0.9711694	-2.062077	-2.098114	-0.7141631	-1.662171	-1.760432	-1.875969	2.335217	-3.112823	2.580753	263.9584	222.77	0	0	324.3308	226.6165	386.7949	221.479	0	0	445.9511	219.4256	358.468	291.0867	0	0						
AFDES	20160317	Medit M07fearface Forward-5	0	MALE	test	TestImage	Emotient FACET	5000	5000			123	5000	1	202	139	290	290	-2.534976	0	-7.779038	0	-1.400198	0	3.300512	0	-0.6507993	0	-6.112426	0	-3.38866	0	-6.574687	0	-5.693422	0	-2.429451	0	-2.534976	0	3.300512	0	3.990322	3.474116	-0.8630817	-0.1416322	-2.520412	-2.589975	-7.102379	-2.322432	-0.5679814	-0.5252092	-2.582138	-1.567038	-3.487669	0.9034107	-2.106979	-2.190716	-0.8024698	-1.711687	-1.808461	-1.778794	2.666248	-3.415801	2.752385	263.0437	222.669	0	0	324.3403	226.4192	386.0328	222.1567	0	0	443.8674	218.9642	358.3362	289.9165	0	0						
AFDES	20160317	Medit M07fearface Forward-5	0	MALE	test	TestImage	Emotient FACET	5040	5040			124	5040	1	202	139	290	290	-2.532675	0	-7.826918	0	-1.464012	0	3.31011	0	-0.63863	0	-6.162891	0	-3.426665	0	-6.530314	0	-5.660537	0	-2.434023	0	-2.532675	0	3.31011	0	4.022284	3.480596	-0.8611684	-0.1141609	-2.525454	-2.588641	-7.092758	-2.396266	-0.5545275	-0.5033303	-2.627702	-1.596646	-3.461302	0.9576558	-2.122931	-2.20419	-0.7584949	-1.67005	-1.772598	-1.758847	2.654909	-3.350941	2.653746	263.1725	222.7775	0	0	324.392	226.5514	387.1152	222.1892	0	0	443.5824	218.9065	358.3556	290.6332	0	0						
AFDES	20160317	Medit M07fearface Forward-5	0	MALE	test	TestImage	Emotient FACET	5080	5080			125	5080	1	202	139	291	291	-2.434783	0	-7.833986	0	-1.489788	0	3.166044	0	-0.4284905	0	-6.283892	0	-3.256744	0	-6.37579	0	-5.464648	0	-2.261482	0	-2.434783	0	3.166044	0	4.078338	3.531073	-0.8110365	-0.1080645	-2.445796	-2.511737	-7.064824	-2.571515	-0.4880674	-0.3577168	-2.517488	-1.58227	-3.354543	0.9633775	-2.055816	-2.088459	-0.7433168	-1.667593	-1.72218	-1.715335	2.157701	-2.587349	2.672933	262.9478	222.5176	0	0	325.5439	227.5942	386.8148	222.1072	0	0	444.5352	219.4444	359.104	291.6815	0	0						
AFDES	20160317	Medit M07fearface Forward-5	0	MALE	test	TestImage	Emotient FACET	5120	5120			126	5120	1	202	139	291	291	-2.541381	0	-7.87083	0	-1.559226	0	3.279404	0	-0.5355577	0	-6.299754	0	-3.293273	0	-6.460707	0	-5.553415	0	-2.361172	0	-2.541381	0	3.279404	0	4.103854	3.541578	-0.7989889	-0.1391585	-2.503183	-2.539671	-7.123859	-2.558575	-0.5194828	-0.4507401	-2.583951	-1.622728	-3.437451	0.9615564	-2.0596	-2.218688	-0.8144962	-1.78296	-1.830638	-1.762288	2.81758	-3.076897	2.817215	263.0099	222.1656	0	0	325.1748	227.2646	386.2102	222.0259	0	0	444.0786	220.1549	358.8497	291.3829	0	0						
AFDES	20160317	Medit M07fearface Forward-5	0	MALE	test	TestImage	Emotient FACET	5160	5160			127	5160	1	202	139	291	291	-2.486999	0	-7.824654	0	-1.536711	0	3.203422	0	-0.4343474	0	-6.25016	0	-3.184014	0	-6.349716	0	-5.475231	0	-2.204841	0	-2.486999	0	3.203422	0	4.040431	3.490921	-0.8178852	-0.1856676	-2.440832	-2.510107	-7.106465	-2.584417	-0.5179829	-0.4220932	-2.533473	-1.626717	-3.378319	0.9625388	-2.047809	-2.164195	-0.8090242	-1.781991	-1.815287	-1.7255	2.802973	-3.086256	2.830939	262.9384	222.2018	0	0	325.2301	227.3553	386.3815	222.0986	0	0	444.7	220.1247	358.732	291.3074	0	0						
AFDES	20160317	Medit M07fearface Forward-5	0	MALE	test	TestImage	Emotient FACET	5200	5200			128	5200	1	201	139	291	291	-2.447328	0	-7.795045	0	-1.591662	0	3.188643	0	-0.3826461	0	-6.162899	0	-3.025361	0	-6.313184	0	-5.474194	0	-2.105345	0	-2.447328	0	3.188643	0	4.046618	3.487616	-0.8193511	-0.2476495	-2.388889	-2.465894	-7.111883	-2.577492	-0.5249347	-0.4861307	-2.44416	-1.645492	-3.317837	0.9537182	-2.107001	-2.175269	-0.8637162	-1.851683	-1.864945	-1.85026	2.58885	-3.187509	2.863903	263.0386	221.8008	0	0	325.0091	226.3082	387.1487	222.6949	0	0	444.4192	219.9276	358.0705	291.222	0	0						
AFDES	20160317	Medit M07fearface Forward-5	0	MALE	test	TestImage	Emotient FACET	5240	5240			129	5240	1	201	139	292	292	-2.450214	0	-7.705179	0	-1.468521	0	3.115137	0	-0.3649931	0	-6.168388	0	-3.029851	0	-6.225442	0	-5.404536	0	-2.063811	0	-2.450214	0	3.115137	0	3.996932	3.455008	-0.8190205	-0.1958144	-2.396883	-2.473796	-7.08376	-2.585023	-0.5210716	-0.4314528	-2.432869	-1.583892	-3.23382	0.8950543	-2.057757	-2.099955	-0.8338919	-1.762556	-1.783158	-1.785802	2.643755	-3.029693	2.914264	262.4575	221.7617	0	0	325.0261	227.0914	386.4774	221.7034	0	0	444.201	219.9866	358.8749	291.3034	0	0						
AFDES	20160317	Medit M07fearface Forward-5	0	MALE	test	TestImage	Emotient FACET	5280	5280			130	5280	1	202	139	290	290	-2.492821	0	-7.682569	0	-1.522806	0	3.280562	0	-0.531181	0	-6.082542	0	-3.157307	0	-6.346167	0	-5.486765	0	-2.177817	0	-2.492821	0	3.280562	0	3.895582	3.379189	-0.8209752	-0.2795046	-2.486451	-2.535706	-7.065948	-2.4611	-0.5722965	-0.5322018	-2.579474	-1.665321	-3.423782	0.9462564	-2.114788	-2.26506	-0.8352594	-1.786	-1.848042	-1.856973	2.295749	-3.58222	2.965379	263.3639	222.5254	0	0	323.9325	226.3505	387.0006	222.0814	0	0	444.2213	220.2161	357.5837	289.723	0	0						
AFDES	20160317	Medit M07fearface Forward-5	0	MALE	test	TestImage	Emotient FACET	5320	5320			131	5320	1	202	139	291	291	-2.358694	0	-7.636602	0	-1.322916	0	3.062819	0	-0.2867844	0	-6.162547	0	-3.030194	0	-6.19614	0	-5.32181	0	-1.979706	0	-2.358694	0	3.062819	0	3.927367	3.435725	-0.8266828	-0.2178849	-2.446266	-2.546732	-7.043041	-2.57185	-0.509033	-0.4146838	-2.480699	-1.56231	-3.19646	0.7912041	-2.028597	-2.103888	-0.8478215	-1.701318	-1.731014	-1.692677	2.396564	-2.990127	2.915118	262.9857	222.2682	0	0	325.0239	227.1215	386.4303	221.6875	0	0	444.1081	219.1421	358.4051	291.3553	0	0						
AFDES	20160317	Medit M07fearface Forward-5	0	MALE	test	TestImage	Emotient FACET	5360	5360			132	5360	1	200	138	293	293	-2.627964	0	-7.736985	0	-1.415014	0	3.028757	0	-0.3350064	0	-6.330811	0	-3.039613	0	-6.123405	0	-5.364196	0	-1.981613	0	-2.627964	0	3.028757	0	4.000289	3.482439	-0.8240388	-0.1915326	-2.457652	-2.484346	-7.187751	-2.694444	-0.5891785	-0.4098522	-2.357486	-1.572533	-3.100046	0.8701043	-2.052382	-1.982301	-0.7786058	-1.642655	-1.638515	-1.744922	2.270782	-2.788277	2.855986	262.8055	222.1888	0	0	324.1867	226.8354	386.4979	221.2621	0	0	444.4371	219.1233	357.7408	292.5101	0	0						
AFDES	20160317	Medit M07fearface Forward-5	0	MALE	test	TestImage	Emotient FACET	5400	5400			133	5400	1	201	139	291	291	-2.472199	0	-7.700018	0	-1.469346	0	3.154054	0	-0.3801709	0	-6.161991	0	-3.041434	0	-6.274079	0	-5.42667	0	-1.996427	0	-2.472199	0	3.154054	0	3.902675	3.437429	-0.8469549	-0.2481404	-2.411446	-2.50471	-7.089179	-2.546989	-0.5709744	-0.4661691	-2.44164	-1.596906	-3.27486	0.8722385	-2.072069	-2.161119	-0.8817603	-1.808437	-1.822718	-1.859791	2.277443	-3.650095	2.829334	263.1508	222.3798	0	0	323.8038	226.1444	387.635	221.4717	0	0	444.0655	220.0798	357.2805	290.3235	0	0						
AFDES	20160317	Medit M07fearface Forward-5	0	MALE	test	TestImage	Emotient FACET	5440	5440			134	5440	1	201	139	291	291	-2.536411	0	-7.734967	0	-1.420767	0	3.172206	0	-0.431332	0	-6.25651	0	-3.109555	0	-6.280128	0	-5.455809	0	-2.059994	0	-2.536411	0	3.172206	0	3.949399	3.461182	-0.8306617	-0.2050545	-2.441541	-2.515995	-7.145124	-2.585959	-0.5727727	-0.4623065	-2.466008	-1.602921	-3.271132	0.8218002	-2.070895	-2.159153	-0.8464412	-1.759068	-1.803911	-1.861607	2.422821	-3.514538	2.852685	263.2071	222.2907	0	0	323.8796	226.3345	387.8425	221.6466	0	0	444.0877	219.2808	357.4988	290.3431	0	0						
AFDES	20160317	Medit M07fearface Forward-5	0	MALE	test	TestImage	Emotient FACET	5480	5480			135	5480	1	202	139	290	290	-2.477795	0	-7.779024	0	-1.362969	0	3.196787	0	-0.4932289	0	-6.233276	0	-3.197134	0	-6.433546	0	-5.55155	0	-2.099718	0	-2.477795	0	3.196787	0	3.918528	3.462815	-0.8744991	-0.2382159	-2.544291	-2.609758	-7.198992	-2.516813	-0.5789071	-0.4513713	-2.499545	-1.580126	-3.351877	0.8526342	-2.080148	-2.203907	-0.8760144	-1.777773	-1.838621	-1.84241	2.490611	-3.656952	2.860814	263.0068	221.9393	0	0	324.7189	227.1073	387.8173	221.6222	0	0	443.2489	219.1152	357.4771	290.1704	0	0						
AFDES	20160317	Medit M07fearface Forward-5	0	MALE	test	TestImage	Emotient FACET	5520	5520			136	5520	1	201	139	290	290	-2.47037	0	-7.693112	0	-1.425236	0	3.182591	0	-0.4131006	0	-6.174642	0	-3.060144	0	-6.29823	0	-5.431568	0	-1.986299	0	-2.47037	0	3.182591	0	3.878696	3.415915	-0.8482323	-0.2666172	-2.470996	-2.543335	-7.132945	-2.513604	-0.5921076	-0.4798047	-2.470447	-1.61057	-3.334486	0.8949957	-2.0599	-2.212322	-0.8863884	-1.800568	-1.816961	-1.859984	2.451519	-3.636479	2.752744	263.0757	221.9297	0	0	323.6866	226.3498	387.8384	221.6326	0	0	443.2836	219.6353	357.5005	290.23	0	0						
AFDES	20160317	Medit M07fearface Forward-5	0	MALE	test	TestImage	Emotient FACET	5560	5560			137	5560	1	202	139	290	290	-2.625738	0	-7.77452	0	-1.32675	0	3.159707	0	-0.4886196	0	-6.262805	0	-3.157144	0	-6.332438	0	-5.506734	0	-2.077846	0	-2.625738	0	3.159707	0	3.950696	3.474851	-0.8536206	-0.2069416	-2.52974	-2.591272	-7.194914	-2.57252	-0.6128455	-0.4804074	-2.468472	-1.579868	-3.264235	0.8393093	-2.055285	-2.196701	-0.8532156	-1.730728	-1.811159	-1.746952	2.546898	-3.081561	2.801628	262.3919	222.0049	0	0	324.834	227.0885	386.3981	221.8718	0	0	443.5185	219.1497	358.6761	290.2662	0	0						
AFDES	20160317	Medit M07fearface Forward-5	0	MALE	test	TestImage	Emotient FACET	5600	5600			138	5600	1	201	138	291	291	-2.726911	0	-7.743754	0	-1.371144	0	3.14965	0	-0.4767357	0	-6.230378	0	-3.03591	0	-6.248425	0	-5.501075	0	-2.001254	0	-2.726911	0	3.14965	0	3.957913	3.455591	-0.838636	-0.1955542	-2.454456	-2.518516	-7.161039	-2.560778	-0.6458753	-0.5261304	-2.373536	-1.577169	-3.21843	0.8411326	-2.086363	-2.188262	-0.865948	-1.772627	-1.827057	-1.811308	2.511603	-3.08393	2.727798	262.4427	221.887	0	0	324.2944	226.6075	386.4615	222.0136	0	0	444.3003	219.2502	358.2929	289.7568	0	0						
AFDES	20160317	Medit M07fearface Forward-5	0	MALE	test	TestImage	Emotient FACET	5640	5640			139	5640	1	201	138	293	293	-2.731575	0	-7.812935	0	-1.343201	0	3.062258	0	-0.3605769	0	-6.446259	0	-3.002256	0	-6.133731	0	-5.441723	0	-1.795752	0	-2.731575	0	3.062258	0	3.979467	3.485633	-0.8386047	-0.1688605	-2.430304	-2.431423	-7.382162	-2.785985	-0.6745895	-0.5160228	-2.347072	-1.597533	-3.176673	0.8654906	-2.112461	-2.022456	-0.7859516	-1.684188	-1.75962	-1.892606	2.439283	-3.266101	2.739284	262.7615	221.7014	0	0	324.4535	226.2983	388.6422	220.8845	0	0	444.6454	218.6128	358.4295	291.1506	0	0						
AFDES	20160317	Medit M07fearface Forward-5	0	MALE	test	TestImage	Emotient FACET	5680	5680			140	5680	1	202	139	292	292	-2.671951	0	-7.803284	0	-1.373203	0	3.036865	0	-0.360788	0	-6.370084	0	-2.986612	0	-6.156285	0	-5.390755	0	-1.913095	0	-2.671951	0	3.036865	0	3.970317	3.492806	-0.7960359	-0.1886691	-2.454509	-2.496431	-7.237284	-2.751613	-0.6182128	-0.4586352	-2.378501	-1.581761	-3.260286	0.7991923	-2.052192	-2.117957	-0.8374112	-1.710346	-1.765992	-1.761982	2.143909	-2.659602	2.669246	264.5569	221.9538	0	0	324.6741	226.3647	386.6983	221.6764	0	0	445.5087	219.0509	358.5591	292.2261	0	0						
AFDES	20160317	Medit M07fearface Forward-5	0	MALE	test	TestImage	Emotient FACET	5720	5720			141	5720	1	201	138	293	293	-2.824091	0	-7.894039	0	-1.359264	0	3.131985	0	-0.4855555	0	-6.37525	0	-3.078542	0	-6.252497	0	-5.572509	0	-1.969239	0	-2.824091	0	3.131985	0	3.992921	3.488415	-0.8377035	-0.1393552	-2.403442	-2.408983	-7.278208	-2.737113	-0.669767	-0.5618426	-2.364222	-1.573426	-3.184516	0.8911178	-2.059465	-2.123879	-0.7789614	-1.715629	-1.868651	-1.882424	2.509485	-3.566119	2.834135	262.4023	222.1055	0	0	324.1154	225.8633	389.3323	222.3826	0	0	444.8087	218.519	357.6547	289.6802	0	0						
AFDES	20160317	Medit M07fearface Forward-5	0	MALE	test	TestImage	Emotient FACET	5760	5760			142	5760	1	202	138	292	292	-2.929775	0	-7.86879	0	-1.155608	0	2.994332	0	-0.5117915	0	-6.352808	0	-3.087594	0	-6.327111	0	-5.61525	0	-2.021015	0	-2.929775	0	2.994332	0	4.004235	3.503482	-0.8284891	-0.08181781	-2.52799	-2.544419	-7.209059	-2.628076	-0.7229288	-0.5318734	-2.307835	-1.488745	-3.18562	0.7336711	-2.048296	-2.127942	-0.839645	-1.662206	-1.822262	-1.794339	2.780894	-3.52901	2.818564	262.5608	222.1287	0	0	324.4852	226.6524	388.5137	221.6532	0	0	444.0349	218.5179	358.6414	289.8787	0	0						
AFDES	20160317	Medit M07fearface Forward-5	0	MALE	test	TestImage	Emotient FACET	5800	5800			143	5800	1	201	138	293	293	-2.883474	0	-7.775537	0	-1.262286	0	3.046053	0	-0.4802231	0	-6.182102	0	-2.977195	0	-6.1677	0	-5.525411	0	-2.019444	0	-2.883474	0	3.046053	0	3.977335	3.484317	-0.815232	-0.09789474	-2.387656	-2.393661	-7.123918	-2.603461	-0.6904302	-0.5466142	-2.241993	-1.496955	-3.122214	0.8515687	-2.023155	-2.08395	-0.7734932	-1.664769	-1.804345	-1.731558	2.786548	-3.428853	2.933484	261.2921	221.6868	0	0	324.4677	226.8242	388.4506	221.4699	0	0	444.3986	219.4784	358.7022	289.0029	0	0						
AFDES	20160317	Medit M07fearface Forward-5	0	MALE	test	TestImage	Emotient FACET	5840	5840			144	5840	1	203	140	289	289	-2.803107	0	-7.894801	0	-1.221841	0	3.103096	0	-0.6354106	0	-6.116321	0	-3.201405	0	-6.452027	0	-5.594251	0	-2.312034	0	-2.803107	0	3.103096	0	4.10413	3.61461	-0.731546	-0.05162095	-2.471261	-2.51682	-7.078157	-2.485227	-0.6360215	-0.5374346	-2.409765	-1.524201	-3.443517	0.7982265	-2.081609	-2.293344	-0.8575698	-1.780375	-1.839006	-1.764956	2.423368	-2.12587	2.618201	264.1753	221.8976	0	0	326.1881	227.601	387.0526	221.8557	0	0	444.7094	220.0201	359.0868	290.7905	0	0						
AFDES	20160317	Medit M07fearface Forward-5	0	MALE	test	TestImage	Emotient FACET	5880	5880			145	5880	1	203	140	289	289	-2.870464	0	-7.8759	0	-1.284268	0	3.314316	0	-0.8286427	0	-6.019884	0	-3.27195	0	-6.541559	0	-5.715061	0	-2.367162	0	-2.870464	0	3.314316	0	3.952666	3.486813	-0.7578028	-0.115044	-2.483479	-2.526401	-7.133741	-2.33622	-0.7158547	-0.6971238	-2.392401	-1.540975	-3.55236	0.9309069	-2.067787	-2.371749	-0.8312197	-1.803018	-1.979835	-1.852154	2.593756	-2.242636	2.703346	264.0977	221.7193	0	0	325.7666	227.2714	387.0724	221.9767	0	0	444.472	220.2511	358.901	289.5157	0	0						
AFDES	20160317	Medit M07fearface Forward-5	0	MALE	test	TestImage	Emotient FACET	5920	5920			146	5920	1	203	140	290	290	-2.961308	0	-7.886363	0	-1.259482	0	3.221878	0	-0.7272593	0	-6.129292	0	-3.24044	0	-6.458045	0	-5.666404	0	-2.363825	0	-2.961308	0	3.221878	0	4.063776	3.577427	-0.7197673	-0.02845351	-2.475709	-2.496514	-7.082663	-2.45674	-0.7021406	-0.6563273	-2.40104	-1.563576	-3.42714	0.8855618	-2.068663	-2.347883	-0.7908085	-1.756117	-1.907189	-1.786379	2.662247	-2.091142	2.516996	264.5743	222.4022	0	0	325.361	227.0838	387.7899	222.3052	0	0	444.7281	220.6377	359.7725	291.4381	0	0						
AFDES	20160317	Medit M07fearface Forward-5	0	MALE	test	TestImage	Emotient FACET	5960	5960			147	5960	1	201	139	292	292	-2.881327	0	-7.837241	0	-1.198761	0	3.061645	0	-0.5387118	0	-6.131517	0	-3.125736	0	-6.380089	0	-5.690781	0	-2.215027	0	-2.881327	0	3.061645	0	4.014658	3.565882	-0.7896438	-0.01273831	-2.343397	-2.367292	-7.048524	-2.503054	-0.6457911	-0.6082432	-2.235067	-1.499081	-3.257405	0.8557246	-2.032942	-2.237491	-0.7679234	-1.701208	-1.918749	-1.819061	3.338988	-2.826349	2.681378	263.8374	222.8165	0	0	324.563	225.3143	388.3768	222.5071	0	0	445.4323	221.1254	359.2447	291.6837	0	0						
AFDES	20160317	Medit M07fearface Forward-5	0	MALE	test	TestImage	Emotient FACET	6000	6000			148	6000	1	202	140	292	292	-3.089091	0	-7.852237	0	-1.126933	0	3.069246	0	-0.6705689	0	-6.164361	0	-3.185809	0	-6.439327	0	-5.730641	0	-2.331136	0	-3.089091	0	3.069246	0	4.053544	3.589747	-0.7584309	0.005376866	-2.458513	-2.463272	-7.0415	-2.46936	-0.7224892	-0.6339076	-2.236891	-1.425509	-3.29117	0.8321856	-2.004639	-2.236027	-0.7555386	-1.654687	-1.871168	-1.769221	3.378568	-2.593527	2.596534	263.6654	222.7661	0	0	325.3565	227.0037	387.4094	222.4588	0	0	444.9538	220.9664	360.0542	292.3741	0	0						
