#Study : AFDES
#Date : 20160317 11:57:14
#Version : 5.7.2389.1
#TestRunDate : 20160317 11:53:11.555 (+01:00)

StudyName	ExportDate	Name	Age	Gender	StimulusName	SlideType	EventSource	Timestamp	MediaTime	PostMarker	Annotation	FrameNo	FrameTime	NoOfFaces	FaceRect X	FaceRect Y	FaceRect Width	FaceRect Height	Joy Evidence	Joy Intensity	Anger Evidence	Anger Intensity	Surprise Evidence	Surprise Intensity	Fear Evidence	Fear Intensity	Contempt Evidence	Contempt Intensity	Disgust Evidence	Disgust Intensity	Sadness Evidence	Sadness Intensity	Confusion Evidence	Confusion Intensity	Frustration Evidence	Frustration Intensity	Neutral Evidence	Neutral Intensity	Positive Evidence	Positive Intensity	Negative Evidence	Negative Intensity	AU1 Evidence	AU2 Evidence	AU4 Evidence	AU5 Evidence	AU6 Evidence	AU7 Evidence	AU9 Evidence	AU10 Evidence	AU12 Evidence	AU14 Evidence	AU15 Evidence	AU17 Evidence	AU18 Evidence	AU20 Evidence	AU23 Evidence	AU24 Evidence	AU25 Evidence	AU26 Evidence	AU28 Evidence	AU43 Evidence	Yaw Degrees	Pitch Degrees	Roll Degrees	LEFT_EYE_LATERAL X	LEFT_EYE_LATERAL Y	LEFT_EYE_PUPIL X	LEFT_EYE_PUPIL Y	LEFT_EYE_MEDIAL X	LEFT_EYE_MEDIAL Y	RIGHT_EYE_MEDIAL X	RIGHT_EYE_MEDIAL Y	RIGHT_EYE_PUPIL X	RIGHT_EYE_PUPIL Y	RIGHT_EYE_LATERAL X	RIGHT_EYE_LATERAL Y	NOSE_TIP X	NOSE_TIP Y	7 X	7 Y	LiveMarker	KeyStroke	MarkerText	SceneType	SceneOutput	SceneParent
AFDES	20160317	Medit F06joyface Forward-1	0	MALE	test	TestImage	Emotient FACET	80	80			0	80	1	218	157	301	301	-2.250084	0	-1.241314	0	-3.343244	0	-2.44275	0	-0.8711976	0	-3.425987	0	-1.899845	0	-0.1104041	0	0.1488557	0	1.924217	0	-2.250084	0	-0.8711976	0	-0.9994792	-1.007383	-1.233711	-0.4941112	-1.382405	-0.4230047	-4.027603	-2.325562	-1.584684	-0.5897916	-1.611423	-0.9220536	-1.046624	-0.9458442	-0.5641572	-0.5729836	-2.685581	-1.99979	-1.887376	-2.833788	-3.128578	-0.1750343	4.468275	281.8218	249.3287	0	0	336.876	247.6425	406.0955	237.7175	0	0	465.0653	234.3464	378.7891	315.3322	0	0						
AFDES	20160317	Medit F06joyface Forward-1	0	MALE	test	TestImage	Emotient FACET	120	120			1	120	1	218	157	300	300	-2.168546	0	-1.362004	0	-3.178459	0	-2.291847	0	-0.8336901	0	-3.504135	0	-1.887697	0	-0.2042761	0	-0.007458168	0	1.965808	0	-2.168546	0	-0.8336901	0	-1.032253	-1.017815	-1.244879	-0.4439228	-1.398698	-0.4526885	-4.107422	-2.408855	-1.552966	-0.5944124	-1.616554	-0.9548739	-1.07034	-0.887453	-0.6042936	-0.6366076	-2.598264	-1.92868	-1.711618	-2.820324	-3.085528	-0.4620957	4.445051	281.9129	249.2679	0	0	337.8534	247.5663	406.1176	237.872	0	0	464.8729	234.388	378.6356	314.9858	0	0						
AFDES	20160317	Medit F06joyface Forward-1	0	MALE	test	TestImage	Emotient FACET	160	160			2	160	1	218	157	301	301	-2.172201	0	-1.251526	0	-3.280022	0	-2.389678	0	-0.8511297	0	-3.415823	0	-1.91521	0	-0.1121759	0	0.1444448	0	1.908627	0	-2.172201	0	-0.8511297	0	-1.020288	-1.023897	-1.232573	-0.4858089	-1.405116	-0.443516	-4.046795	-2.322989	-1.559319	-0.580624	-1.617922	-0.9269502	-1.061482	-0.9080542	-0.5774819	-0.584441	-2.62763	-1.955291	-1.797935	-2.800789	-3.343667	-0.438507	4.428913	281.9883	249.8037	0	0	337.369	247.6745	406.4791	238.2448	0	0	465.4149	234.4126	378.3499	315.2103	0	0						
AFDES	20160317	Medit F06joyface Forward-1	0	MALE	test	TestImage	Emotient FACET	200	200			3	200	1	218	157	300	300	-2.144852	0	-1.335221	0	-3.193759	0	-2.293999	0	-0.8451332	0	-3.444403	0	-1.898016	0	-0.1947926	0	0.02193573	0	1.964772	0	-2.144852	0	-0.8451332	0	-1.024827	-1.01556	-1.255863	-0.4435469	-1.413652	-0.475466	-4.091357	-2.337411	-1.575781	-0.6070551	-1.632266	-0.954456	-1.066832	-0.8918054	-0.6112036	-0.6323336	-2.600793	-1.940449	-1.78823	-2.822301	-3.249608	-0.3597112	4.418162	281.8133	249.375	0	0	337.8801	247.6905	406.7297	238.4444	0	0	464.9586	234.388	378.6142	315.3253	0	0						
AFDES	20160317	Medit F06joyface Forward-1	0	MALE	test	TestImage	Emotient FACET	240	240			4	240	1	219	158	299	299	-2.040317	0	-1.186382	0	-3.098454	0	-2.30987	0	-0.6940197	0	-3.422608	0	-1.851052	0	-0.07197452	0	0.1508125	0	1.857584	0	-2.040317	0	-0.6940197	0	-0.9600233	-0.9648139	-1.225293	-0.4611655	-1.354604	-0.4434652	-4.029793	-2.37151	-1.439997	-0.5030669	-1.713063	-0.9169266	-0.9484393	-0.9561883	-0.5454078	-0.6323018	-2.518496	-1.853394	-1.680787	-2.764116	-3.405185	-0.4883641	4.294066	281.7046	250.7558	0	0	338.4349	248.8011	406.7925	236.2913	0	0	463.4532	234.3302	378.3154	315.2747	0	0						
AFDES	20160317	Medit F06joyface Forward-1	0	MALE	test	TestImage	Emotient FACET	280	280			5	280	1	218	156	301	301	-2.287709	0	-1.351864	0	-3.221198	0	-2.322992	0	-0.8781619	0	-3.51363	0	-1.894791	0	-0.2250471	0	-0.01517538	0	1.983984	0	-2.287709	0	-0.8781619	0	-1.014372	-0.9953421	-1.23943	-0.4502419	-1.467312	-0.4988198	-4.132594	-2.380319	-1.608603	-0.6134033	-1.606768	-0.9297443	-1.03143	-0.8922173	-0.5938053	-0.5855859	-2.694701	-2.003631	-1.808805	-2.824302	-3.10985	-0.3057669	4.356527	281.773	249.3196	0	0	337.6692	246.633	406.8295	238.3976	0	0	465.4698	234.4483	378.5222	315.1798	0	0						
AFDES	20160317	Medit F06joyface Forward-1	0	MALE	test	TestImage	Emotient FACET	320	320			6	320	1	218	157	301	301	-2.255916	0	-1.345167	0	-3.205252	0	-2.280203	0	-0.8458649	0	-3.578666	0	-1.839406	0	-0.1864421	0	0.01350165	0	1.954745	0	-2.255916	0	-0.8458649	0	-0.9925506	-0.9917311	-1.222935	-0.4518472	-1.458381	-0.4960195	-4.140521	-2.390853	-1.580966	-0.5809466	-1.579566	-0.9138394	-1.06467	-0.8863965	-0.5880982	-0.5873021	-2.66802	-1.974778	-1.755865	-2.775145	-3.300741	-0.3124965	4.359226	281.9283	249.382	0	0	337.5927	246.6342	406.6709	238.3829	0	0	465.2747	234.4125	378.8154	314.9666	0	0						
AFDES	20160317	Medit F06joyface Forward-1	0	MALE	test	TestImage	Emotient FACET	360	360			7	360	1	218	157	300	300	-2.152288	0	-1.329207	0	-3.19387	0	-2.272416	0	-0.8205281	0	-3.50091	0	-1.827677	0	-0.1685811	0	0.04065116	0	1.931393	0	-2.152288	0	-0.8205281	0	-0.9898083	-0.989805	-1.22267	-0.4570203	-1.409008	-0.4829886	-4.089331	-2.346567	-1.527067	-0.5701365	-1.579487	-0.8982546	-1.038178	-0.8722684	-0.5611104	-0.5908811	-2.617999	-1.932975	-1.723408	-2.77581	-3.074387	-0.2751464	4.35104	281.9965	249.3307	0	0	337.626	246.8413	406.5817	238.2052	0	0	464.9772	233.9135	378.8925	315.0802	0	0						
AFDES	20160317	Medit F06joyface Forward-1	0	MALE	test	TestImage	Emotient FACET	400	400			8	400	1	218	157	300	300	-2.180665	0	-1.319431	0	-3.219679	0	-2.31014	0	-0.8274782	0	-3.494499	0	-1.81829	0	-0.161869	0	0.04522477	0	1.9384	0	-2.180665	0	-0.8274782	0	-0.9924084	-0.9958943	-1.217417	-0.4691978	-1.412437	-0.4916059	-4.06241	-2.354055	-1.541827	-0.5701433	-1.582111	-0.8869838	-1.024565	-0.8993147	-0.5574571	-0.5837103	-2.641546	-1.944977	-1.723947	-2.776377	-3.046645	-0.2859112	4.339206	282.0386	249.4142	0	0	337.5605	246.886	406.313	237.4736	0	0	465.2294	234.5385	379.0499	314.9157	0	0						
AFDES	20160317	Medit F06joyface Forward-1	0	MALE	test	TestImage	Emotient FACET	440	440			9	440	1	219	157	300	300	-2.189831	0	-1.216697	0	-3.243013	0	-2.343808	0	-0.8405877	0	-3.423965	0	-1.835063	0	-0.1018861	0	0.1434731	0	1.892632	0	-2.189831	0	-0.8405877	0	-0.9903372	-0.998514	-1.222825	-0.4801012	-1.382992	-0.4520589	-4.045739	-2.322398	-1.523918	-0.5639462	-1.599769	-0.8795764	-0.9752454	-0.9365801	-0.5107126	-0.5602061	-2.639911	-1.941719	-1.780258	-2.806061	-3.044872	-0.3570637	4.372373	282.1331	249.8254	0	0	337.5907	246.9171	406.4491	237.5873	0	0	464.9908	234.0163	379.1142	315.1296	0	0						
AFDES	20160317	Medit F06joyface Forward-1	0	MALE	test	TestImage	Emotient FACET	480	480			10	480	1	219	157	300	300	-2.167865	0	-1.291426	0	-3.24532	0	-2.401113	0	-0.7918502	0	-3.470193	0	-1.841999	0	-0.1090275	0	0.07081977	0	1.919125	0	-2.167865	0	-0.7918502	0	-1.00568	-1.011466	-1.226699	-0.4899307	-1.360502	-0.4421669	-4.02665	-2.380295	-1.523341	-0.5663539	-1.61775	-0.9127452	-1.002482	-0.9074507	-0.5849209	-0.6383761	-2.591611	-1.911482	-1.692044	-2.771573	-2.987194	-0.2712704	4.329628	282.7592	249.4457	0	0	337.8932	246.6669	406.3964	237.1531	0	0	465.1588	234.1132	379.4059	314.9416	0	0						
AFDES	20160317	Medit F06joyface Forward-1	0	MALE	test	TestImage	Emotient FACET	520	520			11	520	1	219	157	300	300	-2.177176	0	-1.214685	0	-3.293202	0	-2.426358	0	-0.8484079	0	-3.412573	0	-1.831614	0	-0.06535879	0	0.1830581	0	1.895121	0	-2.177176	0	-0.8484079	0	-0.9659103	-0.982304	-1.223184	-0.4963213	-1.356749	-0.4187519	-4.055477	-2.314272	-1.526365	-0.5570542	-1.632383	-0.8957424	-0.9574141	-0.9809476	-0.5088512	-0.5619163	-2.653958	-1.960384	-1.84098	-2.825661	-2.895863	-0.3114778	4.175939	281.8925	250.0083	0	0	338.0936	246.9222	406.373	236.886	0	0	464.8276	234.1488	379.5961	314.8819	0	0						
AFDES	20160317	Medit F06joyface Forward-1	0	MALE	test	TestImage	Emotient FACET	560	560			12	560	1	219	157	299	299	-2.051744	0	-1.257759	0	-3.17761	0	-2.355507	0	-0.7666779	0	-3.339568	0	-1.859676	0	-0.1184397	0	0.09359486	0	1.916842	0	-2.051744	0	-0.7666779	0	-0.9676355	-0.9742211	-1.23691	-0.4484847	-1.306701	-0.4178566	-3.971807	-2.300704	-1.488447	-0.5548223	-1.682699	-0.9482314	-1.012136	-0.9513586	-0.570279	-0.6733963	-2.506287	-1.873177	-1.747778	-2.828537	-2.805058	-0.3042662	4.271766	282.6185	249.4587	0	0	338.6055	247.125	406.2109	236.6762	0	0	465.0089	233.7655	379.1346	314.6082	0	0						
AFDES	20160317	Medit F06joyface Forward-1	0	MALE	test	TestImage	Emotient FACET	600	600			13	600	1	219	156	299	299	-2.033552	0	-1.450558	0	-3.141701	0	-2.291073	0	-0.703617	0	-3.546389	0	-1.988551	0	-0.3298577	0	-0.07090943	0	2.007279	0	-2.033552	0	-0.703617	0	-1.042738	-1.008569	-1.314737	-0.4307782	-1.451343	-0.5137974	-4.17715	-2.428494	-1.514305	-0.5156866	-1.63189	-0.9787048	-1.143744	-0.8302773	-0.634584	-0.6781784	-2.574116	-1.877545	-1.564915	-2.853166	-3.49811	-0.7293926	4.280349	282.8485	247.9945	0	0	338.4769	247.2856	407.4506	238.4862	0	0	465.7383	233.2912	377.8009	312.8133	0	0						
AFDES	20160317	Medit F06joyface Forward-1	0	MALE	test	TestImage	Emotient FACET	640	640			14	640	1	219	156	300	300	-1.954937	0	-1.353299	0	-3.26919	0	-2.363142	0	-0.7315127	0	-3.441919	0	-1.93217	0	-0.2008802	0	0.04984913	0	1.944361	0	-1.954937	0	-0.7315127	0	-1.036974	-1.02665	-1.272123	-0.4518588	-1.372899	-0.4403661	-4.102551	-2.374422	-1.477143	-0.5183915	-1.642073	-0.9729449	-1.116845	-0.8579591	-0.5876976	-0.6398999	-2.570831	-1.884281	-1.621362	-2.880856	-3.601747	-0.707626	4.341038	283.021	248.3823	0	0	337.6646	245.6689	407.2527	237.3288	0	0	465.574	233.4618	379.3858	313.516	0	0						
AFDES	20160317	Medit F06joyface Forward-1	0	MALE	test	TestImage	Emotient FACET	680	680			15	680	1	220	156	298	298	-1.838319	0	-1.367494	0	-3.167943	0	-2.298687	0	-0.6804522	0	-3.445999	0	-1.923803	0	-0.242061	0	0.0151095	0	1.937253	0	-1.838319	0	-0.6804522	0	-1.030425	-1.016093	-1.298759	-0.4202509	-1.377705	-0.429248	-4.150242	-2.39508	-1.41885	-0.495572	-1.658464	-0.9727475	-1.090674	-0.8450627	-0.590417	-0.6750004	-2.483758	-1.810857	-1.542511	-2.876095	-3.584848	-0.9286826	4.315989	283.7153	248.1055	0	0	338.2216	246.6181	407.4204	237.3391	0	0	465.4606	233.2762	379.0318	313.4577	0	0						
AFDES	20160317	Medit F06joyface Forward-1	0	MALE	test	TestImage	Emotient FACET	720	720			16	720	1	219	156	299	299	-1.86844	0	-1.314946	0	-3.156905	0	-2.262898	0	-0.7312393	0	-3.440737	0	-1.871483	0	-0.1813866	0	0.06882675	0	1.91217	0	-1.86844	0	-0.7312393	0	-0.9882446	-0.9941394	-1.264	-0.4257207	-1.349517	-0.4152448	-4.144026	-2.387818	-1.444881	-0.5168544	-1.658068	-0.9727006	-1.085489	-0.8890982	-0.5721728	-0.6476395	-2.537822	-1.849725	-1.611149	-2.832534	-3.464629	-0.8690271	4.36365	282.8942	248.2599	0	0	338.3366	246.5843	407.0438	236.8812	0	0	465.3165	233.2225	378.6491	313.3334	0	0						
AFDES	20160317	Medit F06joyface Forward-1	0	MALE	test	TestImage	Emotient FACET	760	760			17	760	1	219	156	300	300	-1.846958	0	-1.350697	0	-3.210007	0	-2.277211	0	-0.7336039	0	-3.442462	0	-1.893656	0	-0.2463362	0	0.07453928	0	1.944941	0	-1.846958	0	-0.7336039	0	-1.003574	-1.013225	-1.304711	-0.4025302	-1.40485	-0.4445638	-4.211442	-2.382309	-1.451285	-0.4918922	-1.712725	-0.9789408	-1.112583	-0.9319743	-0.5399258	-0.5957224	-2.606736	-1.880293	-1.667274	-2.911027	-3.566208	-0.7834707	4.423512	282.6952	247.7883	0	0	337.8759	247.2885	407.3435	238.1315	0	0	465.4886	233.2905	379.0137	313.5266	0	0						
AFDES	20160317	Medit F06joyface Forward-1	0	MALE	test	TestImage	Emotient FACET	800	800			18	800	1	218	155	300	300	-1.884089	0	-1.351217	0	-3.206694	0	-2.260931	0	-0.7609392	0	-3.507013	0	-1.907497	0	-0.2186966	0	0.06738064	0	1.950278	0	-1.884089	0	-0.7609392	0	-1.0121	-1.019481	-1.262333	-0.4431801	-1.458413	-0.4953238	-4.216391	-2.400551	-1.47363	-0.5056689	-1.668622	-0.9725491	-1.079847	-0.8359386	-0.5409811	-0.5542537	-2.626183	-1.887035	-1.584527	-2.858552	-3.52321	-0.8461427	4.331703	281.7823	248.2733	0	0	338.1227	246.2851	407.171	236.7103	0	0	465.3062	233.2998	377.8137	313.3668	0	0						
AFDES	20160317	Medit F06joyface Forward-1	0	MALE	test	TestImage	Emotient FACET	840	840			19	840	1	218	156	299	299	-1.77771	0	-1.401009	0	-3.182534	0	-2.112913	0	-0.6186785	0	-3.625991	0	-1.999626	0	-0.311488	0	0.0390535	0	1.910967	0	-1.77771	0	-0.6186785	0	-1.013652	-0.9902117	-1.252476	-0.4263669	-1.450179	-0.5191796	-4.248188	-2.472253	-1.405346	-0.4005684	-1.655529	-1.000853	-1.136439	-0.6469159	-0.5469475	-0.5586957	-2.598477	-1.83809	-1.318578	-2.788656	-3.854365	-0.6954549	4.355472	282.6815	247.8347	0	0	337.1669	245.1134	407.5245	238.263	0	0	464.9509	232.9868	377.5336	313.1434	0	0						
AFDES	20160317	Medit F06joyface Forward-1	0	MALE	test	TestImage	Emotient FACET	880	880			20	880	1	218	156	301	301	-1.379743	0	-1.248843	0	-3.234593	0	-2.212029	0	-0.619529	0	-3.447968	0	-1.996604	0	-0.2077911	0	0.2630477	0	1.828854	0	-1.379743	0	-0.619529	0	-1.034973	-1.021109	-1.298912	-0.4287854	-1.439609	-0.4695663	-4.255173	-2.392559	-1.228698	-0.3017028	-1.805539	-1.002588	-1.053045	-0.7878057	-0.409981	-0.3899878	-2.647011	-1.810897	-1.311091	-2.903196	-3.460175	-0.5212836	4.310677	282.1213	249.077	0	0	337.4349	245.3406	407.1368	237.6648	0	0	465.7813	233.4914	378.5326	313.8091	0	0						
AFDES	20160317	Medit F06joyface Forward-1	0	MALE	test	TestImage	Emotient FACET	920	920			21	920	1	219	156	300	300	-1.066458	0	-1.135551	0	-3.271413	0	-2.217761	0	-0.3575541	0	-3.365829	0	-1.936017	0	-0.1342282	0	0.4687868	0	1.601585	0	-1.066458	0	-0.3575541	0	-0.9846647	-1.011757	-1.305333	-0.4792435	-1.308846	-0.408054	-4.14803	-2.297294	-1.03982	-0.1150971	-1.773601	-0.9080499	-1.045001	-0.8129268	-0.2842625	-0.2688322	-2.604115	-1.693081	-1.142068	-2.849169	-3.125295	-0.4163198	4.166811	281.8582	250.073	0	0	338.4263	246.846	406.9144	236.1402	0	0	464.7394	233.9323	379.103	314.9694	0	0						
AFDES	20160317	Medit F06joyface Forward-1	0	MALE	test	TestImage	Emotient FACET	960	960			22	960	1	219	156	301	301	-1.052054	0	-1.155338	0	-3.380814	0	-2.227662	0	-0.41703	0	-3.386792	0	-1.955684	0	-0.1482672	0	0.4706696	0	1.613046	0	-1.052054	0	-0.41703	0	-1.02323	-1.047173	-1.295788	-0.4862556	-1.320253	-0.394969	-4.190604	-2.300142	-1.037292	-0.1245168	-1.765817	-0.940053	-1.136895	-0.779793	-0.3114555	-0.2594996	-2.659817	-1.740821	-1.153122	-2.834473	-3.173937	-0.2559896	4.092252	283.2845	249.3207	0	0	337.0517	246.8842	407.334	237.2183	0	0	465.7755	234.3742	380.0411	315.2743	0	0						
AFDES	20160317	Medit F06joyface Forward-1	0	MALE	test	TestImage	Emotient FACET	1000	1000			23	1000	1	219	157	300	300	-0.8383246	0	-1.199835	0	-3.394476	0	-2.175607	0	-0.2911676	0	-3.44241	0	-1.980506	0	-0.1965655	0	0.4997267	0	1.538071	0	-0.8383246	0	-0.2911676	0	-1.028129	-1.066689	-1.323948	-0.4945315	-1.323735	-0.3925051	-4.266033	-2.337722	-0.947506	-0.03403167	-1.780197	-0.9520056	-1.196608	-0.7457947	-0.2780567	-0.1982126	-2.673614	-1.702065	-0.9962251	-2.856505	-3.176042	-0.4555323	4.094048	282.1805	250.063	0	0	338.4973	246.7982	407.2451	237.9411	0	0	465.5972	234.1213	378.608	314.8306	0	0						
AFDES	20160317	Medit F06joyface Forward-1	0	MALE	test	TestImage	Emotient FACET	1040	1040			24	1040	1	218	156	302	302	-0.4791732	0	-1.260128	0	-3.474395	0	-2.196242	0	-0.2118827	0	-3.408307	0	-2.010385	0	-0.2467742	0	0.5155483	0	1.396941	0	-0.4791732	0	-0.2118827	0	-1.058557	-1.1035	-1.331413	-0.5220433	-1.317978	-0.3943234	-4.261672	-2.322642	-0.7907794	0.06030045	-1.810787	-0.9396418	-1.226229	-0.7236673	-0.1984906	-0.06154487	-2.665672	-1.658352	-0.8083568	-2.810126	-3.402683	-0.4466278	4.05137	282.2018	250.035	0	0	338.2636	246.8272	407.2299	237.0036	0	0	466.4932	234.4219	378.6883	315.2403	0	0						
AFDES	20160317	Medit F06joyface Forward-1	0	MALE	test	TestImage	Emotient FACET	1080	1080			25	1080	1	218	156	301	301	-0.008918597	0	-1.37304	0	-3.509162	0	-2.240164	0	-0.08890145	0	-3.540428	0	-2.090003	0	-0.4613043	0	0.4438039	0	1.149892	0	-0.008918597	0	-0.08890145	0	-1.06577	-1.108382	-1.357751	-0.4988101	-1.212327	-0.3567831	-4.321556	-2.418786	-0.601194	0.2051154	-1.906302	-0.9281138	-1.241408	-0.7406051	-0.132542	-0.03817691	-2.646936	-1.562858	-0.5821415	-2.867128	-3.282135	-0.3812456	4.023083	282.322	249.9559	0	0	338.0311	246.9795	407.1489	236.9998	0	0	465.6576	234.3037	378.3689	315.009	0	0						
AFDES	20160317	Medit F06joyface Forward-1	0	MALE	test	TestImage	Emotient FACET	1120	1120			26	1120	1	218	156	302	302	0.9748203	0	-1.563048	0	-3.81616	0	-2.341235	0	-0.1520176	0	-3.748083	0	-2.539011	0	-1.205459	0	0.3472012	0	0.08973324	0	0.9748203	0	-0.1520176	0	-1.14152	-1.147476	-1.434931	-0.5028679	-1.024482	-0.3066036	-4.314722	-2.346029	-0.116284	0.5081105	-2.035847	-0.7901609	-1.465692	-0.6537506	0.2051299	0.1894667	-2.536746	-1.423179	-0.2031278	-3.072322	-2.916403	-0.4917797	3.919693	282.2693	249.9948	0	0	337.9101	246.999	407.7595	237.6735	0	0	466.3674	235.0435	378.0802	315.3049	0	0						
AFDES	20160317	Medit F06joyface Forward-1	0	MALE	test	TestImage	Emotient FACET	1160	1160			27	1160	1	218	157	301	301	1.93173	0	-1.948686	0	-4.172666	0	-2.485079	0	-0.06758869	0	-4.021407	0	-2.814324	0	-2.082852	0	-0.09569308	0	-0.9305125	0	1.93173	0	-0.06758869	0	-1.234004	-1.205698	-1.535579	-0.5182806	-0.642836	-0.2637196	-4.198008	-2.302786	0.4108197	0.8233694	-1.945296	-0.551689	-1.596559	-0.5364243	0.4773005	0.4088435	-2.493596	-1.285953	-0.01063429	-3.19042	-2.676196	-0.75361	3.738405	281.9956	249.7138	0	0	338.1638	247.4189	408.6748	238.1728	0	0	464.9865	235.0684	378.4109	315.3311	0	0						
AFDES	20160317	Medit F06joyface Forward-1	0	MALE	test	TestImage	Emotient FACET	1200	1200			28	1200	1	219	157	300	300	2.754333	0	-2.558422	0	-4.529232	0	-2.567067	0	0.1005665	0	-4.286361	0	-3.131105	0	-3.032775	0	-0.8960771	0	-2.019978	0	2.754333	0	0.1005665	0	-1.384627	-1.300878	-1.569977	-0.553616	-0.2257082	-0.2665573	-3.814848	-2.11139	0.8764817	0.9605083	-1.790673	-0.230885	-1.828475	-0.3409701	0.5664268	0.5177699	-2.353804	-1.067827	0.04387566	-3.231821	-2.653303	-1.245892	3.895406	283.0026	249.313	0	0	336.9781	246.7626	408.1033	239.0469	0	0	464.7773	233.9298	379.3499	315.1354	0	0						
AFDES	20160317	Medit F06joyface Forward-1	0	MALE	test	TestImage	Emotient FACET	1240	1240			29	1240	1	219	157	299	299	3.247071	0	-3.062053	0	-4.781093	0	-2.635706	0	-0.08518048	0	-4.188162	0	-3.291515	0	-3.556975	0	-1.5991	0	-2.596655	0	3.247071	0	-0.08518048	0	-1.369559	-1.281913	-1.504154	-0.537245	0.267855	-0.1063517	-3.466665	-1.799221	1.11192	0.7827257	-1.63167	-0.2263426	-2.326652	-0.1882799	0.3981865	0.2592427	-2.067355	-0.8729953	-0.1171153	-3.21581	-2.822119	-1.600094	3.953132	282.8201	249.4601	0	0	336.9655	246.0494	407.3683	240.0536	0	0	464.731	233.9217	379.4142	314.8644	0	0						
AFDES	20160317	Medit F06joyface Forward-1	0	MALE	test	TestImage	Emotient FACET	1280	1280			30	1280	1	218	157	299	299	3.609936	0	-3.671346	0	-5.289207	0	-2.996234	0	-0.2703297	0	-4.302433	0	-3.652435	0	-4.154971	0	-2.279356	0	-3.531294	0	3.609936	0	-0.2703297	0	-1.336232	-1.276725	-1.462277	-0.6902368	0.7216448	0.05641228	-3.194817	-1.630713	1.393587	0.7034379	-1.543291	-0.2356219	-2.776681	-0.04008963	0.273819	0.07101025	-1.750677	-0.689671	-0.3598159	-3.124643	-2.577891	-1.427527	3.757626	281.7244	249.2688	0	0	335.8058	246.1135	408.0146	239.7011	0	0	463.4066	234.6582	378.837	313.569	0	0						
AFDES	20160317	Medit F06joyface Forward-1	0	MALE	test	TestImage	Emotient FACET	1320	1320			31	1320	1	219	157	298	298	3.857283	0	-4.090202	0	-5.557369	0	-3.20372	0	-0.343008	0	-4.579652	0	-3.897375	0	-4.630341	0	-2.740789	0	-4.097975	0	3.857283	0	-0.343008	0	-1.364609	-1.286063	-1.528768	-0.7192813	0.9819219	0.1257852	-3.257344	-1.632813	1.618852	0.6722915	-1.495003	-0.2673939	-3.008562	-0.06635205	0.1967445	-0.008872832	-1.631089	-0.6284018	-0.5830018	-3.264058	-2.294341	-0.9373548	3.684112	281.9952	249.6675	0	0	335.8221	245.7581	408.2614	239.2579	0	0	463.2556	234.9997	378.4064	313.4036	0	0						
AFDES	20160317	Medit F06joyface Forward-1	0	MALE	test	TestImage	Emotient FACET	1360	1360			32	1360	1	217	156	302	302	4.539918	0	-4.523671	0	-6.176565	0	-3.600535	0	-1.163481	0	-4.944006	0	-4.462782	0	-5.269806	0	-3.366412	0	-5.474302	0	4.539918	0	-1.163481	0	-1.32558	-1.264267	-1.576768	-0.9523525	1.610384	0.4408066	-3.162345	-1.604678	2.184885	0.5395581	-1.535372	-0.428135	-3.818295	-0.1550585	0.2005789	-0.07316112	-1.18364	-0.5067739	-0.9489284	-3.426352	-1.748457	-0.2949546	3.381538	281.2213	250.1185	0	0	336.4588	245.6842	407.6731	238.5234	0	0	465.0379	233.9716	376.8784	314.7285	0	0						
AFDES	20160317	Medit F06joyface Forward-1	0	MALE	test	TestImage	Emotient FACET	1400	1400			33	1400	1	222	157	295	295	5.158792	0	-5.263639	0	-6.612629	0	-3.663592	0	-2.556767	0	-4.887501	0	-5.380341	0	-6.779567	0	-4.681897	0	-6.482321	0	5.158792	0	-2.556767	0	-1.421109	-1.302145	-1.71393	-1.176881	1.714956	0.3411932	-2.740396	-1.489975	2.355777	0.2047364	-1.523039	-0.3397586	-5.318981	0.1411998	-0.4279957	-0.8394862	-0.6993832	-0.2575055	-1.143868	-3.5067	-1.609027	0.3017163	2.932348	284.517	248.4393	0	0	336.6028	245.9585	407.9615	237.6471	0	0	463.5073	232.9579	379.8177	311.5082	0	0						
AFDES	20160317	Medit F06joyface Forward-1	0	MALE	test	TestImage	Emotient FACET	1440	1440			34	1440	1	221	156	293	293	5.305386	0	-5.837401	0	-6.907981	0	-3.478863	0	-3.271559	0	-5.107425	0	-6.024627	0	-7.540608	0	-5.420223	0	-7.110243	0	5.305386	0	-3.271559	0	-1.584548	-1.387535	-1.820364	-1.282772	1.622602	0.1176132	-2.563294	-1.473565	2.480684	0.1720226	-1.776481	-0.2343452	-6.231028	0.3081066	-0.5772472	-1.139484	-0.5774327	-0.2294488	-1.246171	-3.488931	-1.628459	-0.1142606	2.862994	283.3521	247.3479	0	0	336.6325	246.5017	407.9324	237.0399	0	0	463.1363	231.8407	374.9088	307.6366	0	0						
AFDES	20160317	Medit F06joyface Forward-1	0	MALE	test	TestImage	Emotient FACET	1480	1480			35	1480	1	221	156	294	294	5.686126	0	-6.17902	0	-7.408916	0	-3.697119	0	-4.038978	0	-5.384123	0	-6.404603	0	-8.180211	0	-5.929497	0	-8.194142	0	5.686126	0	-3.697119	0	-1.546582	-1.349332	-1.863542	-1.500552	1.930058	0.3033338	-2.469572	-1.431821	2.765106	-0.01374263	-1.751928	-0.1986574	-6.92413	0.2774359	-0.6598264	-1.307877	-0.3470066	-0.1477626	-1.389504	-3.702799	-1.263283	-0.1827071	2.769979	283.8366	247.7909	0	0	336.6896	245.6584	409.1348	236.2195	0	0	464.6281	232.7396	374.0157	306.4558	0	0						
AFDES	20160317	Medit F06joyface Forward-1	0	MALE	test	TestImage	Emotient FACET	1520	1520			36	1520	1	221	156	295	295	6.018308	0	-6.392665	0	-8.023312	0	-4.017784	0	-4.489043	0	-5.772838	0	-6.694116	0	-8.673521	0	-6.24194	0	-9.067328	0	6.018308	0	-4.017784	0	-1.587216	-1.412484	-1.929935	-1.652985	2.233884	0.4806199	-2.451301	-1.357635	3.010443	-0.1105808	-1.690804	-0.1856628	-7.373077	0.2483632	-0.6436654	-1.422922	-0.1765868	-0.07040854	-1.446152	-3.981206	-0.7169417	-0.2427466	2.903403	284.2747	247.6288	0	0	335.7263	246.1228	408.6715	236.0903	0	0	464.9792	233.374	375.6776	307.4411	0	0						
AFDES	20160317	Medit F06joyface Forward-1	0	MALE	test	TestImage	Emotient FACET	1560	1560			37	1560	1	221	156	295	295	5.824109	0	-6.162028	0	-8.053288	0	-3.890782	0	-4.203875	0	-5.598219	0	-6.538998	0	-8.516994	0	-6.025292	0	-8.929902	0	5.824109	0	-3.890782	0	-1.618307	-1.445315	-1.92388	-1.641084	2.098463	0.3581559	-2.443251	-1.397595	2.982601	-0.02749292	-1.756169	-0.1248596	-7.226555	0.2032203	-0.6035099	-1.340459	-0.3904244	-0.2261826	-1.430079	-3.758419	-0.9099269	0.1064724	2.83473	282.9928	247.4711	0	0	337.0847	245.5966	408.5396	236.3506	0	0	464.1637	232.3454	376.2099	306.9785	0	0						
AFDES	20160317	Medit F06joyface Forward-1	0	MALE	test	TestImage	Emotient FACET	1600	1600			38	1600	1	219	155	297	297	6.293613	0	-6.560783	0	-8.230587	0	-4.152052	0	-5.026206	0	-5.949559	0	-6.94979	0	-8.97737	0	-6.576377	0	-9.762297	0	6.293613	0	-4.152052	0	-1.564574	-1.406885	-1.876267	-1.772156	2.506562	0.5805587	-2.267327	-1.302227	3.286671	-0.278166	-1.780993	-0.2744356	-7.854223	0.2893098	-0.6632735	-1.550335	0.1517523	-0.02232189	-1.488952	-3.893144	-0.9272288	0.1045903	2.853825	281.936	247.7758	0	0	335.7674	245.9892	409.1819	236.0603	0	0	464.3637	233.1424	376.4084	307.506	0	0						
AFDES	20160317	Medit F06joyface Forward-1	0	MALE	test	TestImage	Emotient FACET	1640	1640			39	1640	1	220	155	296	296	6.213093	0	-6.487211	0	-8.315706	0	-4.124228	0	-4.875316	0	-5.920816	0	-6.892367	0	-8.91338	0	-6.497492	0	-9.664476	0	6.213093	0	-4.124228	0	-1.593144	-1.426244	-1.900944	-1.746911	2.464311	0.5615022	-2.273356	-1.32156	3.254281	-0.2293918	-1.769622	-0.2232228	-7.728893	0.2493124	-0.6614154	-1.538191	0.008948157	-0.09015347	-1.521648	-3.892667	-1.060024	0.2066348	2.822846	282.8415	248.2601	0	0	334.9482	246.2205	409.1979	235.9911	0	0	464.2536	233.0854	376.4555	307.1865	0	0						
AFDES	20160317	Medit F06joyface Forward-1	0	MALE	test	TestImage	Emotient FACET	1680	1680			40	1680	1	220	156	295	295	6.225245	0	-6.506948	0	-8.448429	0	-4.170783	0	-4.826604	0	-5.967855	0	-6.911932	0	-8.984835	0	-6.512195	0	-9.743097	0	6.225245	0	-4.170783	0	-1.624022	-1.449147	-1.95262	-1.759878	2.493128	0.5327657	-2.331606	-1.327898	3.284301	-0.2165734	-1.749567	-0.1840953	-7.799951	0.2160399	-0.6644838	-1.553396	-0.08523184	-0.1392695	-1.556916	-3.921503	-1.009988	0.1670025	2.80078	282.8629	248.5461	0	0	335.603	246.0995	407.737	236.1695	0	0	464.3143	233.1586	376.4214	307.6681	0	0						
AFDES	20160317	Medit F06joyface Forward-1	0	MALE	test	TestImage	Emotient FACET	1720	1720			41	1720	1	221	156	295	295	6.231967	0	-6.541902	0	-8.626845	0	-4.238026	0	-4.740695	0	-6.027741	0	-6.91907	0	-9.009341	0	-6.509513	0	-9.796221	0	6.231967	0	-4.238026	0	-1.659652	-1.482325	-2.006798	-1.807274	2.458436	0.4987104	-2.374044	-1.369709	3.284184	-0.201137	-1.78992	-0.1577483	-7.768061	0.1594166	-0.6800316	-1.52051	-0.2049861	-0.1961138	-1.569755	-3.996285	-0.6963866	0.0746536	2.897201	282.7949	248.021	0	0	335.8349	246.0233	409.3272	236.0659	0	0	464.1472	233.1803	376.6666	306.4734	0	0						
AFDES	20160317	Medit F06joyface Forward-1	0	MALE	test	TestImage	Emotient FACET	1760	1760			42	1760	1	221	155	294	294	6.093902	0	-6.466246	0	-8.485569	0	-4.024324	0	-4.610959	0	-5.932599	0	-6.912374	0	-9.042163	0	-6.519113	0	-9.649839	0	6.093902	0	-4.024324	0	-1.666242	-1.46965	-1.993679	-1.662365	2.342908	0.3997967	-2.377964	-1.405595	3.242176	-0.1449049	-1.812102	-0.1517853	-7.717404	0.1775531	-0.6512929	-1.533406	-0.2804247	-0.2908068	-1.596276	-3.843245	-0.9495377	0.1727017	2.899548	282.1738	248.2416	0	0	336.7595	245.3506	407.1454	236.0818	0	0	463.813	231.4399	376.7482	305.952	0	0						
AFDES	20160317	Medit F06joyface Forward-1	0	MALE	test	TestImage	Emotient FACET	1800	1800			43	1800	1	223	156	290	290	5.924872	0	-6.530715	0	-8.523976	0	-3.962014	0	-4.471741	0	-5.726822	0	-7.137018	0	-9.177497	0	-6.5496	0	-9.551023	0	5.924872	0	-3.962014	0	-1.745823	-1.533369	-2.01305	-1.632804	2.09451	0.2317045	-2.391173	-1.506541	3.119934	-0.03377715	-1.911679	-0.06102756	-7.813842	0.1673307	-0.6943864	-1.484354	-0.3929861	-0.3118123	-1.726122	-3.750697	-0.2095463	-0.1943143	3.069424	283.8591	246.8215	0	0	337.3986	244.0901	407.9826	234.2599	0	0	462.3118	232.3915	375.4893	305.1172	0	0						
AFDES	20160317	Medit F06joyface Forward-1	0	MALE	test	TestImage	Emotient FACET	1840	1840			44	1840	1	221	154	295	295	6.179704	0	-6.528853	0	-8.873603	0	-4.2472	0	-4.710702	0	-6.072483	0	-7.022339	0	-9.136676	0	-6.549891	0	-9.965182	0	6.179704	0	-4.2472	0	-1.70955	-1.531151	-2.011316	-1.790269	2.377906	0.4389601	-2.353081	-1.445194	3.280427	-0.1887662	-1.866422	-0.1182234	-7.811036	0.1680236	-0.6776623	-1.484917	-0.2984526	-0.2949626	-1.584247	-4.071678	-0.0362705	0.04866266	3.216873	282.4491	247.037	0	0	338.8043	243.5627	408.816	234.5878	0	0	463.9201	231.5407	376.7682	306.3212	0	0						
AFDES	20160317	Medit F06joyface Forward-1	0	MALE	test	TestImage	Emotient FACET	1880	1880			45	1880	1	221	154	296	296	6.457897	0	-6.807266	0	-8.83814	0	-4.435361	0	-5.140302	0	-6.221405	0	-7.225065	0	-9.408849	0	-6.970028	0	-10.29721	0	6.457897	0	-4.435361	0	-1.668164	-1.458198	-1.982462	-1.861085	2.611935	0.5367677	-2.250762	-1.335789	3.479345	-0.3180388	-1.817898	-0.2282715	-8.060513	0.1663106	-0.7437543	-1.639242	0.0714693	-0.2324265	-1.686125	-4.051715	-0.203128	0.1070304	3.207002	281.5538	247.9329	0	0	338.1133	244.1346	408.8756	234.6797	0	0	463.8049	231.6694	377.4682	306.7331	0	0						
AFDES	20160317	Medit F06joyface Forward-1	0	MALE	test	TestImage	Emotient FACET	1920	1920			46	1920	1	219	155	296	296	6.297519	0	-6.596958	0	-8.591495	0	-4.23957	0	-5.010459	0	-6.016077	0	-6.986824	0	-9.164449	0	-6.745551	0	-10.10639	0	6.297519	0	-4.23957	0	-1.624372	-1.432793	-1.944328	-1.820068	2.618025	0.537891	-2.265937	-1.320182	3.444577	-0.3011101	-1.781103	-0.2133607	-7.983902	0.2205395	-0.6797871	-1.630678	0.05155107	-0.201364	-1.673768	-3.790991	-0.8479407	0.3329169	2.999145	281.1294	248.6377	0	0	335.629	245.623	407.8886	234.2514	0	0	463.1529	232.1844	376.3384	306.8649	0	0						
AFDES	20160317	Medit F06joyface Forward-1	0	MALE	test	TestImage	Emotient FACET	1960	1960			47	1960	1	222	156	293	293	6.104784	0	-6.484342	0	-8.718957	0	-4.092222	0	-4.623391	0	-5.96084	0	-7.080213	0	-9.217771	0	-6.597497	0	-9.849061	0	6.104784	0	-4.092222	0	-1.711718	-1.495983	-2.04704	-1.66621	2.33476	0.3540207	-2.431843	-1.435161	3.271335	-0.1398634	-1.813259	-0.09987567	-7.821523	0.1520636	-0.6671175	-1.530802	-0.3507721	-0.3340155	-1.680274	-3.946749	0.2347047	0.5702698	3.13149	282.2344	248.0938	0	0	338.0991	245.3489	407.9646	234.9569	0	0	461.9199	232.7118	376.9062	307.5186	0	0						
AFDES	20160317	Medit F06joyface Forward-1	0	MALE	test	TestImage	Emotient FACET	2000	2000			48	2000	1	222	157	291	291	6.073586	0	-6.554546	0	-8.714921	0	-4.074034	0	-4.678877	0	-5.815429	0	-7.259033	0	-9.360471	0	-6.771086	0	-9.845947	0	6.073586	0	-4.074034	0	-1.760886	-1.5048	-2.056268	-1.626998	2.287579	0.3125148	-2.377415	-1.435075	3.277069	-0.1084225	-1.841077	-0.1121786	-7.91967	0.1712789	-0.7220899	-1.571665	-0.2925547	-0.3236856	-1.751302	-3.878325	-0.06862995	0.8182409	3.1663	282.8766	248.2397	0	0	338.3058	245.6513	407.8757	235.1898	0	0	462.0268	232.7684	376.6787	307.0163	0	0						
AFDES	20160317	Medit F06joyface Forward-1	0	MALE	test	TestImage	Emotient FACET	2040	2040			49	2040	1	222	157	292	292	6.164221	0	-6.636003	0	-8.835463	0	-4.169896	0	-4.711411	0	-5.964702	0	-7.234981	0	-9.392835	0	-6.790317	0	-9.960956	0	6.164221	0	-4.169896	0	-1.741256	-1.502476	-2.080358	-1.686852	2.366438	0.337773	-2.437659	-1.409658	3.31538	-0.13819	-1.811826	-0.09119942	-7.958169	0.1655023	-0.723663	-1.594211	-0.2914584	-0.3157335	-1.737399	-3.987956	0.1118582	0.6912904	3.152009	282.7391	248.3379	0	0	338.3849	246.1576	407.9074	235.0197	0	0	462.4098	233.3422	376.6524	307.1046	0	0						
AFDES	20160317	Medit F06joyface Forward-1	0	MALE	test	TestImage	Emotient FACET	2080	2080			50	2080	1	221	156	295	295	6.328205	0	-6.705702	0	-8.907233	0	-4.342299	0	-4.895998	0	-6.121018	0	-7.042046	0	-9.233017	0	-6.727281	0	-10.16763	0	6.328205	0	-4.342299	0	-1.694619	-1.514947	-2.013676	-1.888505	2.605268	0.5350724	-2.340944	-1.324891	3.423993	-0.2846103	-1.779222	-0.1529126	-7.991498	0.1852855	-0.7373471	-1.615131	-0.1179436	-0.2315846	-1.712628	-3.945327	-0.466972	0.5700649	2.919912	282.6241	248.5295	0	0	335.7487	246.1266	409.2828	235.5268	0	0	463.8605	233.5529	376.7708	306.6489	0	0						
AFDES	20160317	Medit F06joyface Forward-1	0	MALE	test	TestImage	Emotient FACET	2120	2120			51	2120	1	223	158	292	292	6.538877	0	-7.253375	0	-10.066	0	-5.169028	0	-4.777582	0	-6.118135	0	-7.226093	0	-9.620437	0	-6.951766	0	-10.49741	0	6.538877	0	-4.777582	0	-1.766969	-1.554152	-2.058087	-2.538778	2.734524	0.5823152	-2.297715	-1.219944	3.641084	-0.2633682	-1.728738	-0.04423808	-8.150085	0.3007331	-0.8427886	-1.596058	-0.06624733	-0.2687844	-1.694951	-3.402982	-0.3324197	0.4824844	2.940602	285.5448	248.7706	0	0	338.6802	248.2497	408.2937	236.7684	0	0	466.1845	235.9234	377.3755	308.0363	0	0						
AFDES	20160317	Medit F06joyface Forward-1	0	MALE	test	TestImage	Emotient FACET	2160	2160			52	2160	1	223	160	292	292	6.253985	0	-8.078012	0	-10.25679	0	-4.881549	0	-4.701446	0	-6.052417	0	-7.212739	0	-10.18125	0	-7.569981	0	-10.05143	0	6.253985	0	-4.701446	0	-1.520828	-1.373362	-1.795948	-2.954225	1.998796	-0.3003109	-1.919171	-0.722424	3.57751	-0.1794193	-1.634999	0.1098287	-8.052416	0.5852586	-0.737899	-1.465973	0.3589235	-0.114451	-0.8896384	-2.108555	-0.8554752	0.07494959	2.655132	283.6663	253.0338	0	0	342.3441	245.3947	408.306	240.5643	0	0	466.9851	241.3342	376.3127	308.4727	0	0						
AFDES	20160317	Medit F06joyface Forward-1	0	MALE	test	TestImage	Emotient FACET	2200	2200			53	2200	1	223	160	290	290	5.919057	0	-7.794384	0	-10.21872	0	-4.857579	0	-4.511609	0	-5.631031	0	-7.175496	0	-9.813214	0	-7.27914	0	-9.873137	0	5.919057	0	-4.511609	0	-1.601764	-1.517988	-1.701242	-3.011824	1.838886	-0.2134059	-1.570955	-0.7035974	3.335334	-0.1309172	-1.581204	0.1873323	-7.728537	0.5850706	-0.733715	-1.409912	0.3457775	-0.001705276	-0.9545832	-1.888884	-0.4370676	0.5520676	2.917875	284.0482	250.8716	0	0	342.6064	245.1188	409.2095	241.2123	0	0	465.8991	240.818	376.7618	307.9318	0	0						
AFDES	20160317	Medit F06joyface Forward-1	0	MALE	test	TestImage	Emotient FACET	2240	2240			54	2240	1	224	160	292	292	6.476501	0	-7.226519	0	-10.59867	0	-5.435234	0	-4.797618	0	-5.923596	0	-6.902921	0	-9.374915	0	-6.836424	0	-10.50361	0	6.476501	0	-4.797618	0	-1.675384	-1.516114	-1.859944	-2.870559	2.865207	0.7717424	-1.987036	-1.089454	3.673171	-0.2802534	-1.566841	-0.01687806	-8.137511	0.3381948	-0.8454803	-1.616248	0.0792558	-0.1753043	-1.656352	-2.768748	-0.5361239	0.3884414	3.080412	284.5023	251.7657	0	0	339.6711	249.9542	407.662	237.3382	0	0	465.3625	238.5874	378.3826	309.4431	0	0						
AFDES	20160317	Medit F06joyface Forward-1	0	MALE	test	TestImage	Emotient FACET	2280	2280			55	2280	1	221	158	296	296	6.548772	0	-6.933939	0	-9.622051	0	-5.199314	0	-5.10039	0	-6.11858	0	-6.96151	0	-9.152792	0	-6.729286	0	-10.3933	0	6.548772	0	-5.10039	0	-1.721735	-1.568192	-1.881019	-2.473557	2.914093	0.7739311	-2.103192	-1.207259	3.592577	-0.385165	-1.687191	-0.1752615	-8.097683	0.3075185	-0.7333141	-1.592382	0.2676058	-0.1014289	-1.575842	-3.779328	-0.6500232	0.26341	2.843487	283.7929	250.4843	0	0	338.8301	248.7158	408.8694	236.6149	0	0	466.4327	235.8896	377.5261	309.781	0	0						
AFDES	20160317	Medit F06joyface Forward-1	0	MALE	test	TestImage	Emotient FACET	2320	2320			56	2320	1	221	157	297	297	6.520164	0	-6.842535	0	-9.404876	0	-4.989517	0	-5.096817	0	-6.209421	0	-6.903457	0	-9.153183	0	-6.745147	0	-10.32841	0	6.520164	0	-4.989517	0	-1.686104	-1.513756	-1.881802	-2.290161	2.896298	0.7448162	-2.206274	-1.224743	3.602984	-0.385609	-1.686849	-0.159672	-8.049782	0.2834538	-0.681658	-1.592333	0.2084519	-0.1651919	-1.598446	-3.898001	-0.2170006	0.4685498	2.857887	284.3155	250.3813	0	0	337.4025	248.6999	409.7651	236.2593	0	0	466.3217	235.3738	378.0754	309.8556	0	0						
AFDES	20160317	Medit F06joyface Forward-1	0	MALE	test	TestImage	Emotient FACET	2360	2360			57	2360	1	221	157	296	296	6.429122	0	-6.762982	0	-9.072553	0	-4.612266	0	-5.100971	0	-6.124921	0	-7.003119	0	-9.162271	0	-6.718472	0	-10.26389	0	6.429122	0	-4.612266	0	-1.680804	-1.515473	-1.961142	-2.062612	2.728779	0.6477563	-2.250897	-1.300727	3.476718	-0.3636403	-1.785121	-0.1956638	-8.09256	0.2446716	-0.7248955	-1.616161	0.05960977	-0.1511571	-1.652504	-4.017625	-0.1885552	0.5708395	2.790578	283.2778	249.66	0	0	337.0539	248.4987	409.7357	237.132	0	0	466.0934	235.1825	377.7871	307.8801	0	0						
AFDES	20160317	Medit F06joyface Forward-1	0	MALE	test	TestImage	Emotient FACET	2400	2400			58	2400	1	221	157	298	298	6.575221	0	-6.827363	0	-9.027584	0	-4.675217	0	-5.274783	0	-6.217046	0	-7.08036	0	-9.282358	0	-6.925976	0	-10.45861	0	6.575221	0	-4.675217	0	-1.654944	-1.471018	-1.946017	-2.019738	2.927624	0.7297082	-2.243823	-1.24728	3.592543	-0.4632391	-1.753183	-0.2352174	-8.215069	0.2463276	-0.7253039	-1.701901	0.2700655	-0.08967103	-1.675887	-4.120764	-0.04152105	0.5747707	2.77938	283.0625	249.7144	0	0	337.6893	248.2408	410.0325	237.1228	0	0	466.0413	235.1042	378.0756	309.6426	0	0						
AFDES	20160317	Medit F06joyface Forward-1	0	MALE	test	TestImage	Emotient FACET	2440	2440			59	2440	1	220	156	299	299	6.541288	0	-6.735814	0	-9.038497	0	-4.651902	0	-5.25074	0	-6.181085	0	-7.021772	0	-9.223015	0	-6.858573	0	-10.48875	0	6.541288	0	-4.651902	0	-1.642239	-1.458131	-1.911938	-1.991527	2.911875	0.7449617	-2.213495	-1.261737	3.612308	-0.4614656	-1.767325	-0.2259215	-8.180717	0.2561455	-0.6641942	-1.660593	0.2785751	-0.09955125	-1.62022	-4.06943	-0.01796685	0.5575041	2.784327	282.9154	249.5008	0	0	337.6878	248.1977	410.1072	236.249	0	0	466.4541	235.2811	378.3817	309.6931	0	0						
AFDES	20160317	Medit F06joyface Forward-1	0	MALE	test	TestImage	Emotient FACET	2480	2480			60	2480	1	222	157	296	296	6.424673	0	-6.686445	0	-8.909583	0	-4.502195	0	-5.08845	0	-6.159776	0	-7.025198	0	-9.222595	0	-6.795415	0	-10.19235	0	6.424673	0	-4.502195	0	-1.70666	-1.504785	-2.012858	-1.931905	2.705672	0.5926991	-2.324801	-1.276787	3.475862	-0.3672775	-1.723423	-0.1824259	-8.05056	0.1654971	-0.7257421	-1.634242	0.01360781	-0.1898837	-1.678259	-4.138237	0.00161352	0.6556694	2.800686	283.3893	249.7354	0	0	338.9965	247.8513	409.8885	237.1351	0	0	466.208	235.0214	378.9443	308.7075	0	0						
AFDES	20160317	Medit F06joyface Forward-1	0	MALE	test	TestImage	Emotient FACET	2520	2520			61	2520	1	222	157	296	296	6.497647	0	-6.815069	0	-8.998139	0	-4.527149	0	-5.234179	0	-6.282405	0	-7.179971	0	-9.428452	0	-7.005021	0	-10.43192	0	6.497647	0	-4.527149	0	-1.689914	-1.484856	-1.9758	-1.919476	2.727201	0.6067232	-2.269126	-1.274535	3.537542	-0.3730836	-1.742644	-0.2111851	-8.166776	0.16771	-0.7400861	-1.660742	0.1194965	-0.210823	-1.728071	-4.145867	0.02075764	0.798651	2.791404	283.1921	249.8434	0	0	340.4268	248.1757	410.1487	236.0939	0	0	466.2715	234.9957	379.2122	308.7032	0	0						
AFDES	20160317	Medit F06joyface Forward-1	0	MALE	test	TestImage	Emotient FACET	2560	2560			62	2560	1	222	157	296	296	6.396085	0	-6.685681	0	-8.854027	0	-4.330437	0	-5.055566	0	-6.159314	0	-7.029718	0	-9.246108	0	-6.756832	0	-10.21253	0	6.396085	0	-4.330437	0	-1.666432	-1.50218	-1.973374	-1.850626	2.639944	0.587678	-2.307006	-1.283207	3.393606	-0.3503798	-1.779759	-0.1922012	-8.039842	0.219398	-0.7237226	-1.626821	-0.00272094	-0.156909	-1.649538	-4.219929	-0.5796407	0.8656201	2.511912	284.747	248.947	0	0	337.762	247.1665	411.269	237.149	0	0	466.2484	234.511	378.0497	308.8111	0	0						
AFDES	20160317	Medit F06joyface Forward-1	0	MALE	test	TestImage	Emotient FACET	2600	2600			63	2600	1	222	157	296	296	6.360909	0	-6.669569	0	-8.77403	0	-4.337383	0	-5.09991	0	-6.132843	0	-7.111016	0	-9.317941	0	-6.888635	0	-10.19453	0	6.360909	0	-4.337383	0	-1.687788	-1.467472	-1.987827	-1.82604	2.630701	0.5538123	-2.299057	-1.295645	3.477113	-0.3278734	-1.760981	-0.2023181	-8.032784	0.1470275	-0.6978026	-1.630872	0.01389025	-0.2686793	-1.734575	-4.037985	0.1679486	0.7990141	2.816632	283.0625	249.775	0	0	339.097	247.8881	410.5757	235.8484	0	0	465.0858	234.4483	379.2184	308.8467	0	0						
AFDES	20160317	Medit F06joyface Forward-1	0	MALE	test	TestImage	Emotient FACET	2640	2640			64	2640	1	222	157	295	295	6.348086	0	-6.734781	0	-8.740414	0	-4.180036	0	-5.029624	0	-6.101797	0	-7.120404	0	-9.361148	0	-6.850282	0	-10.19894	0	6.348086	0	-4.180036	0	-1.673458	-1.493408	-2.00906	-1.78085	2.59321	0.5547251	-2.363234	-1.27198	3.353274	-0.334561	-1.760397	-0.1676149	-8.082932	0.2291921	-0.7260159	-1.647548	-0.004428231	-0.1161047	-1.645941	-4.256271	-0.6238012	0.9674482	2.634613	284.6978	249.0893	0	0	337.6387	247.774	410.9437	237.7847	0	0	466.0529	235.5281	377.45	308.7813	0	0						
AFDES	20160317	Medit F06joyface Forward-1	0	MALE	test	TestImage	Emotient FACET	2680	2680			65	2680	1	221	158	297	297	6.450446	0	-6.644122	0	-8.82207	0	-4.442904	0	-5.161175	0	-6.162894	0	-7.024078	0	-9.253165	0	-6.882498	0	-10.27053	0	6.450446	0	-4.442904	0	-1.670717	-1.459348	-1.972274	-1.854102	2.772889	0.6284757	-2.305308	-1.208371	3.526718	-0.4104249	-1.69234	-0.2005654	-8.052738	0.1809662	-0.7053634	-1.661667	0.1608369	-0.1791891	-1.702517	-4.152377	0.2759371	0.6399045	2.639183	283.7342	250.1097	0	0	338.2354	248.9001	410.3034	237.0543	0	0	465.8201	235.8657	378.7656	310.4249	0	0						
AFDES	20160317	Medit F06joyface Forward-1	0	MALE	test	TestImage	Emotient FACET	2720	2720			66	2720	1	221	158	297	297	6.501616	0	-6.736657	0	-8.8489	0	-4.454413	0	-5.237861	0	-6.215053	0	-7.089928	0	-9.386356	0	-7.027366	0	-10.38283	0	6.501616	0	-4.454413	0	-1.670974	-1.451761	-1.978171	-1.849475	2.817678	0.6240801	-2.307501	-1.179265	3.570068	-0.4422303	-1.664376	-0.201122	-8.169888	0.188912	-0.7307026	-1.703148	0.2411382	-0.1688655	-1.734576	-4.181213	0.004577657	0.668391	2.546115	283.7256	250.3954	0	0	338.3437	249.9424	409.9333	238.0138	0	0	466.2787	236.215	378.3185	310.6744	0	0						
AFDES	20160317	Medit F06joyface Forward-1	0	MALE	test	TestImage	Emotient FACET	2760	2760			67	2760	1	221	158	296	296	6.320815	0	-6.644845	0	-8.697813	0	-4.182396	0	-5.052217	0	-6.086565	0	-7.028584	0	-9.267193	0	-6.813576	0	-10.17513	0	6.320815	0	-4.182396	0	-1.657905	-1.472237	-1.986622	-1.76693	2.581461	0.5381058	-2.333852	-1.270651	3.389276	-0.3389719	-1.759871	-0.1652897	-8.00776	0.1730335	-0.7007421	-1.609201	0.005892407	-0.1810931	-1.670823	-4.199048	-0.07875384	0.4848526	2.5758	283.7706	250.5092	0	0	337.9255	248.4798	410.9669	238.6117	0	0	466.0843	236.2574	376.5565	309.0464	0	0						
AFDES	20160317	Medit F06joyface Forward-1	0	MALE	test	TestImage	Emotient FACET	2800	2800			68	2800	1	219	157	300	300	6.454613	0	-6.581981	0	-8.845322	0	-4.406516	0	-5.316529	0	-6.12032	0	-6.993537	0	-9.188951	0	-6.864251	0	-10.62688	0	6.454613	0	-4.406516	0	-1.56279	-1.403893	-1.807801	-1.878094	2.867229	0.7085343	-2.176497	-1.214195	3.611735	-0.464284	-1.754438	-0.2366852	-8.228749	0.2674952	-0.5939203	-1.656194	0.3899906	-0.09417156	-1.591492	-4.015126	-0.1742788	0.8155416	2.569419	281.671	250.1379	0	0	337.2708	248.9685	411.1066	237.9372	0	0	466.2942	236.0497	377.384	309.9649	0	0						
AFDES	20160317	Medit F06joyface Forward-1	0	MALE	test	TestImage	Emotient FACET	2840	2840			69	2840	1	220	157	298	298	6.431074	0	-6.609611	0	-8.703858	0	-4.322695	0	-5.274845	0	-6.113448	0	-7.035008	0	-9.203166	0	-6.853065	0	-10.35783	0	6.431074	0	-4.322695	0	-1.618441	-1.421929	-1.904932	-1.818138	2.776574	0.6618497	-2.219568	-1.21622	3.5251	-0.4226305	-1.746103	-0.2073229	-8.132644	0.2156193	-0.6568515	-1.652537	0.2384847	-0.1258678	-1.651503	-4.040689	-0.2042343	0.7106311	2.646216	281.7846	250.13	0	0	337.5363	248.3827	409.2898	237.325	0	0	464.9729	235.7637	377.5549	310.1985	0	0						
AFDES	20160317	Medit F06joyface Forward-1	0	MALE	test	TestImage	Emotient FACET	2880	2880			70	2880	1	220	157	296	296	6.295912	0	-6.59079	0	-8.539286	0	-4.151972	0	-5.077719	0	-5.980915	0	-7.048318	0	-9.208634	0	-6.779778	0	-10.08248	0	6.295912	0	-4.151972	0	-1.63839	-1.432114	-1.979377	-1.723033	2.610622	0.5935743	-2.301359	-1.251866	3.386142	-0.3623751	-1.745303	-0.1959612	-8.016492	0.2034295	-0.6838419	-1.646634	0.0547685	-0.1411951	-1.692814	-4.045807	-0.4402906	0.9388216	2.789242	280.9294	250.01	0	0	337.8425	248.5104	409.317	237.2192	0	0	463.2289	235.5015	376.3984	309.7508	0	0						
AFDES	20160317	Medit F06joyface Forward-1	0	MALE	test	TestImage	Emotient FACET	2920	2920			71	2920	1	219	157	297	297	6.288939	0	-6.54582	0	-8.538977	0	-4.135077	0	-5.121648	0	-5.979011	0	-6.986323	0	-9.145126	0	-6.763251	0	-10.1293	0	6.288939	0	-4.135077	0	-1.62424	-1.427985	-1.940249	-1.746178	2.634705	0.6052715	-2.271545	-1.223962	3.414535	-0.3776788	-1.734944	-0.1848923	-8.013401	0.2246686	-0.6535915	-1.616313	0.1270663	-0.1158506	-1.633234	-4.062172	-0.6479821	0.9694989	2.737549	280.6302	250.062	0	0	337.8141	248.5552	410.042	237.3852	0	0	463.1826	235.4305	376.1749	309.7869	0	0						
AFDES	20160317	Medit F06joyface Forward-1	0	MALE	test	TestImage	Emotient FACET	2960	2960			72	2960	1	219	158	297	297	6.440896	0	-6.69679	0	-8.546256	0	-4.22613	0	-5.299961	0	-6.083969	0	-7.14574	0	-9.349681	0	-6.985435	0	-10.35835	0	6.440896	0	-4.22613	0	-1.604403	-1.408897	-1.922666	-1.77087	2.750074	0.630159	-2.215467	-1.198816	3.490467	-0.4482995	-1.745195	-0.2428317	-8.191191	0.2353707	-0.7150675	-1.711759	0.2919653	-0.04405759	-1.677596	-4.106869	-0.5437853	0.9550647	2.759573	280.6293	250.3456	0	0	337.2354	249.6253	409.4089	238.1973	0	0	464.0908	236.2187	376.1187	309.71	0	0						
AFDES	20160317	Medit F06joyface Forward-1	0	MALE	test	TestImage	Emotient FACET	3000	3000			73	3000	1	218	158	297	297	6.342989	0	-6.634779	0	-8.529009	0	-4.101851	0	-5.260683	0	-6.033305	0	-7.092014	0	-9.275834	0	-6.85456	0	-10.33981	0	6.342989	0	-4.101851	0	-1.584073	-1.419152	-1.890915	-1.766226	2.635933	0.6101921	-2.197322	-1.209902	3.416991	-0.3955942	-1.753462	-0.2005966	-8.169551	0.298054	-0.6533507	-1.633792	0.2586165	-0.0006473839	-1.543118	-4.034271	-0.6169381	0.7183669	2.684376	281.3687	250.7456	0	0	335.6918	248.7938	409.0977	238.2871	0	0	464.2037	236.2506	374.676	309.902	0	0						
AFDES	20160317	Medit F06joyface Forward-1	0	MALE	test	TestImage	Emotient FACET	3040	3040			74	3040	1	219	159	295	295	6.219641	0	-6.564071	0	-8.473882	0	-3.977679	0	-5.012551	0	-5.942055	0	-7.058826	0	-9.263001	0	-6.803478	0	-10.08008	0	6.219641	0	-3.977679	0	-1.648885	-1.434164	-1.987906	-1.642445	2.529058	0.5018845	-2.370923	-1.262681	3.355017	-0.3191555	-1.737118	-0.1620937	-7.970721	0.1671396	-0.6974525	-1.647457	-0.0400726	-0.1732711	-1.704131	-4.066285	-0.613039	1.014566	2.865529	280.5233	251.1066	0	0	336.1685	249.4973	408.1643	238.3233	0	0	461.9853	236.1125	375.2974	310.5544	0	0						
AFDES	20160317	Medit F06joyface Forward-1	0	MALE	test	TestImage	Emotient FACET	3080	3080			75	3080	1	219	158	296	296	6.229146	0	-6.571286	0	-8.504992	0	-4.004921	0	-5.057195	0	-5.959233	0	-7.045403	0	-9.23359	0	-6.786089	0	-10.16387	0	6.229146	0	-4.004921	0	-1.629442	-1.445097	-1.94981	-1.684873	2.557368	0.559288	-2.288871	-1.250797	3.353801	-0.3324695	-1.744193	-0.166	-8.013194	0.2042714	-0.6719877	-1.612708	0.03113806	-0.1107911	-1.640063	-4.067285	-0.6755629	0.6777928	2.780829	280.3152	251.0821	0	0	336.4968	249.4311	408.3619	238.3301	0	0	462.6135	236.1765	374.3936	310.2131	0	0						
AFDES	20160317	Medit F06joyface Forward-1	0	MALE	test	TestImage	Emotient FACET	3120	3120			76	3120	1	219	159	295	295	6.139305	0	-6.533455	0	-8.456701	0	-3.937202	0	-4.866761	0	-5.904715	0	-7.005802	0	-9.20803	0	-6.745704	0	-9.935487	0	6.139305	0	-3.937202	0	-1.679416	-1.466216	-2.009049	-1.628975	2.439542	0.4448771	-2.387502	-1.287604	3.313639	-0.2713552	-1.744738	-0.1326474	-7.870155	0.1512237	-0.6913295	-1.587078	-0.1287083	-0.2122384	-1.683865	-4.106094	-0.707323	0.6912487	2.811125	281.1366	251.074	0	0	336.369	249.481	407.9806	238.286	0	0	462.6485	236.1726	374.469	310.218	0	0						
AFDES	20160317	Medit F06joyface Forward-1	0	MALE	test	TestImage	Emotient FACET	3160	3160			77	3160	1	219	159	296	296	6.173161	0	-6.477384	0	-8.462607	0	-3.991107	0	-4.909256	0	-5.916167	0	-6.952188	0	-9.171213	0	-6.742508	0	-9.982802	0	6.173161	0	-3.991107	0	-1.676704	-1.45028	-2.00748	-1.655901	2.506732	0.4683792	-2.42047	-1.266352	3.367693	-0.2980647	-1.715316	-0.1474475	-7.87747	0.1397299	-0.677431	-1.604762	-0.1022616	-0.229355	-1.703331	-4.055429	-0.2661262	0.9890074	2.786136	281.1772	251.4018	0	0	334.9307	249.0563	408.1556	238.345	0	0	462.0552	236.1198	376.0182	311.0471	0	0						
AFDES	20160317	Medit F06joyface Forward-1	0	MALE	test	TestImage	Emotient FACET	3200	3200			78	3200	1	219	159	295	295	6.1278	0	-6.481328	0	-8.478255	0	-3.948161	0	-4.798179	0	-5.888733	0	-6.947577	0	-9.196676	0	-6.725286	0	-9.872925	0	6.1278	0	-3.948161	0	-1.689159	-1.462368	-2.039397	-1.622098	2.428582	0.4075598	-2.472182	-1.303352	3.327785	-0.2516824	-1.731175	-0.1236197	-7.837435	0.1058847	-0.6986508	-1.591657	-0.2161616	-0.2783279	-1.734608	-4.089417	-0.109848	1.000076	2.714718	281.2089	251.5694	0	0	335.7359	249.468	408.2263	238.3642	0	0	462.0087	236.2272	374.9186	310.6575	0	0						
AFDES	20160317	Medit F06joyface Forward-1	0	MALE	test	TestImage	Emotient FACET	3240	3240			79	3240	1	219	159	295	295	6.108774	0	-6.435765	0	-8.444267	0	-3.930127	0	-4.825829	0	-5.864393	0	-6.93935	0	-9.152292	0	-6.682156	0	-9.823712	0	6.108774	0	-3.930127	0	-1.675367	-1.44982	-2.01637	-1.598728	2.42486	0.4177718	-2.436546	-1.292325	3.312322	-0.2539936	-1.732643	-0.130279	-7.826283	0.1252527	-0.665486	-1.588893	-0.205345	-0.2858852	-1.71467	-4.061477	-0.4167387	1.164396	2.770947	279.5287	251.0757	0	0	337.7138	249.7419	407.4027	238.1086	0	0	460.9243	235.6406	375.0313	311.2576	0	0						
AFDES	20160317	Medit F06joyface Forward-1	0	MALE	test	TestImage	Emotient FACET	3280	3280			80	3280	1	219	159	296	296	6.20006	0	-6.522961	0	-8.411433	0	-3.975794	0	-4.987114	0	-5.905065	0	-6.984206	0	-9.229081	0	-6.809505	0	-9.951559	0	6.20006	0	-3.975794	0	-1.656721	-1.426067	-2.02294	-1.639917	2.525224	0.4801609	-2.440506	-1.233935	3.364274	-0.3211085	-1.69359	-0.1511584	-7.946118	0.1536903	-0.6772497	-1.641479	-0.05888901	-0.2021923	-1.717107	-4.109041	-0.4527279	0.9448446	2.789068	280.015	251.2667	0	0	335.3082	249.9085	407.3767	238.2315	0	0	461.1311	236.3465	375.1256	311.4303	0	0						
AFDES	20160317	Medit F06joyface Forward-1	0	MALE	test	TestImage	Emotient FACET	3320	3320			81	3320	1	218	159	296	296	6.276297	0	-6.58173	0	-8.442241	0	-4.00022	0	-5.126264	0	-5.979747	0	-7.058979	0	-9.298462	0	-6.908409	0	-10.13143	0	6.276297	0	-4.00022	0	-1.635264	-1.415323	-1.972995	-1.649279	2.588691	0.5037827	-2.371848	-1.216324	3.409898	-0.3591696	-1.723945	-0.1921209	-8.072515	0.1910319	-0.6901494	-1.673438	0.05250698	-0.1724484	-1.725369	-4.073683	-0.4933655	1.08053	2.835334	279.372	251.2061	0	0	335.8732	249.8393	407.4728	238.2849	0	0	461.2623	236.3005	375.2397	311.3116	0	0						
AFDES	20160317	Medit F06joyface Forward-1	0	MALE	test	TestImage	Emotient FACET	3360	3360			82	3360	1	219	159	295	295	6.205514	0	-6.544985	0	-8.449818	0	-3.927816	0	-4.980212	0	-5.96003	0	-7.04725	0	-9.310741	0	-6.836008	0	-10.02796	0	6.205514	0	-3.927816	0	-1.662943	-1.442631	-2.022987	-1.60839	2.489904	0.4404832	-2.456393	-1.270686	3.338901	-0.2993981	-1.73519	-0.1429081	-7.976139	0.1365916	-0.6845204	-1.643483	-0.1094561	-0.2196373	-1.737103	-4.143325	-0.4357358	0.9719136	2.844549	280.0963	251.2036	0	0	335.08	249.4626	406.9809	238.8634	0	0	461.1169	236.2911	374.9481	311.1604	0	0						
AFDES	20160317	Medit F06joyface Forward-1	0	MALE	test	TestImage	Emotient FACET	3400	3400			83	3400	1	217	159	296	296	6.218209	0	-6.560414	0	-8.357944	0	-3.908642	0	-5.174664	0	-5.884542	0	-7.083752	0	-9.270069	0	-6.863112	0	-10.10525	0	6.218209	0	-3.908642	0	-1.625069	-1.432924	-1.937048	-1.614089	2.540065	0.5428566	-2.279072	-1.195213	3.319593	-0.3674834	-1.707923	-0.1735437	-8.09832	0.2703383	-0.6444978	-1.674853	0.1408219	-0.04708738	-1.621705	-4.01827	-0.4676272	0.9003105	2.855734	279.2448	251.288	0	0	333.9266	249.0935	407.117	238.791	0	0	460.9017	236.4695	374.2127	310.6921	0	0						
AFDES	20160317	Medit F06joyface Forward-1	0	MALE	test	TestImage	Emotient FACET	3440	3440			84	3440	1	218	158	297	297	6.138248	0	-6.422151	0	-8.409639	0	-3.996327	0	-5.048107	0	-5.886492	0	-6.895561	0	-9.121423	0	-6.81039	0	-9.987319	0	6.138248	0	-3.996327	0	-1.634556	-1.407735	-1.898528	-1.697656	2.539139	0.4856031	-2.263255	-1.231705	3.399327	-0.3285054	-1.714676	-0.1944474	-7.903424	0.1414194	-0.6619426	-1.591042	0.04205899	-0.2891524	-1.687608	-3.937486	-0.7011964	1.312992	2.951967	279.9562	251.5492	0	0	335.8517	250.5071	407.7044	238.3634	0	0	462.1274	234.6557	374.4813	311.4344	0	0						
AFDES	20160317	Medit F06joyface Forward-1	0	MALE	test	TestImage	Emotient FACET	3480	3480			85	3480	1	218	159	297	297	6.14441	0	-6.421147	0	-8.413388	0	-3.998843	0	-5.039705	0	-5.868847	0	-6.920558	0	-9.108358	0	-6.79307	0	-9.967596	0	6.14441	0	-3.998843	0	-1.66612	-1.425422	-1.948605	-1.680171	2.540387	0.4914353	-2.322204	-1.231834	3.404226	-0.3270947	-1.712426	-0.1796976	-7.926792	0.1413597	-0.6604596	-1.622152	0.006546129	-0.2668097	-1.703084	-3.934723	-0.7503061	1.337353	3.003532	279.8562	251.7767	0	0	336.0164	250.5416	406.7107	238.9307	0	0	462.0924	234.8577	374.6447	311.5559	0	0						
AFDES	20160317	Medit F06joyface Forward-1	0	MALE	test	TestImage	Emotient FACET	3520	3520			86	3520	1	218	158	298	298	6.20057	0	-6.414119	0	-8.477188	0	-4.057547	0	-5.199815	0	-5.89638	0	-6.88305	0	-9.04919	0	-6.77891	0	-10.17619	0	6.20057	0	-4.057547	0	-1.586848	-1.382917	-1.832942	-1.708029	2.653397	0.5780205	-2.191105	-1.184718	3.460474	-0.383349	-1.740214	-0.2138792	-8.041984	0.2187437	-0.6252016	-1.639258	0.1667573	-0.1919899	-1.690301	-3.794451	-0.6403	1.288845	3.041778	279.1379	251.8464	0	0	335.8956	250.5617	406.7941	238.8349	0	0	462.282	234.8273	374.7548	311.7474	0	0						
AFDES	20160317	Medit F06joyface Forward-1	0	MALE	test	TestImage	Emotient FACET	3560	3560			87	3560	1	219	159	297	297	6.126197	0	-6.394354	0	-8.386852	0	-3.959008	0	-5.036207	0	-5.838025	0	-6.832611	0	-9.029898	0	-6.727549	0	-9.986023	0	6.126197	0	-3.959008	0	-1.620599	-1.409934	-1.893079	-1.668192	2.558601	0.5174623	-2.274386	-1.20256	3.386474	-0.3516908	-1.704187	-0.1884283	-7.922873	0.1606664	-0.659011	-1.623174	0.02631243	-0.2302352	-1.682195	-3.853038	-0.4004848	1.178945	2.934318	279.9553	251.9017	0	0	335.7134	250.6021	408.4417	238.4696	0	0	461.71	235.4419	374.7307	311.3244	0	0						
AFDES	20160317	Medit F06joyface Forward-1	0	MALE	test	TestImage	Emotient FACET	3600	3600			88	3600	1	220	159	296	296	6.189361	0	-6.471888	0	-8.469221	0	-4.048635	0	-5.1208	0	-5.892154	0	-6.973977	0	-9.165713	0	-6.864935	0	-10.04948	0	6.189361	0	-4.048635	0	-1.660766	-1.423854	-1.925775	-1.699551	2.57492	0.5255702	-2.263763	-1.227332	3.422511	-0.3462588	-1.709153	-0.2149655	-7.982654	0.1323121	-0.6914458	-1.636956	0.06442827	-0.2560659	-1.743947	-3.928026	-0.615527	1.405553	2.921955	281.046	251.843	0	0	336.4341	250.0846	409.3323	238.509	0	0	462.1274	235.0262	375.7682	311.7198	0	0						
AFDES	20160317	Medit F06joyface Forward-1	0	MALE	test	TestImage	Emotient FACET	3640	3640			89	3640	1	219	158	298	298	6.323964	0	-6.503222	0	-8.604415	0	-4.217247	0	-5.227551	0	-5.981157	0	-6.931742	0	-9.151179	0	-6.888693	0	-10.24866	0	6.323964	0	-4.217247	0	-1.618219	-1.395763	-1.883802	-1.792785	2.766463	0.6061223	-2.242836	-1.151721	3.545281	-0.4233101	-1.697661	-0.2100432	-8.097717	0.2152132	-0.6726781	-1.655736	0.2199619	-0.2113258	-1.696611	-3.881444	-0.2307869	1.209439	2.792021	281.0236	251.5081	0	0	336.3459	250.226	408.5109	238.7757	0	0	463.321	235.331	376.9482	312.0563	0	0						
AFDES	20160317	Medit F06joyface Forward-1	0	MALE	test	TestImage	Emotient FACET	3680	3680			90	3680	1	221	159	296	296	6.23942	0	-6.549978	0	-8.549943	0	-4.090559	0	-5.146763	0	-5.960005	0	-7.052841	0	-9.306855	0	-6.987572	0	-10.09252	0	6.23942	0	-4.090559	0	-1.680971	-1.424249	-1.974142	-1.704787	2.597695	0.520901	-2.337165	-1.225873	3.46228	-0.3525977	-1.687196	-0.2126596	-8.046669	0.137814	-0.7242389	-1.659518	0.07466567	-0.2809328	-1.782665	-3.957765	-0.4936814	1.410264	2.823612	282.0905	251.5338	0	0	337.7085	250.4687	409.584	238.2317	0	0	463.125	234.8301	376.9096	311.9173	0	0						
AFDES	20160317	Medit F06joyface Forward-1	0	MALE	test	TestImage	Emotient FACET	3720	3720			91	3720	1	222	159	295	295	6.164089	0	-6.473197	0	-8.532923	0	-4.038977	0	-5.001331	0	-5.862382	0	-7.066343	0	-9.265901	0	-6.887699	0	-9.95366	0	6.164089	0	-4.038977	0	-1.707072	-1.443623	-2.003406	-1.648514	2.495719	0.475542	-2.352916	-1.274228	3.384562	-0.298445	-1.70231	-0.2042309	-7.942898	0.1248611	-0.7259322	-1.635035	-0.0370607	-0.2979586	-1.771654	-3.926847	-0.3741952	1.048745	2.728904	283.0323	251.2042	0	0	338.5576	251.2858	409.2604	238.5275	0	0	464.537	234.6429	377.1129	310.4865	0	0						
AFDES	20160317	Medit F06joyface Forward-1	0	MALE	test	TestImage	Emotient FACET	3760	3760			92	3760	1	221	158	298	298	6.315614	0	-6.551311	0	-8.60536	0	-4.267282	0	-5.288145	0	-5.975405	0	-7.021558	0	-9.206182	0	-6.991161	0	-10.18664	0	6.315614	0	-4.267282	0	-1.640245	-1.396123	-1.885674	-1.797122	2.709604	0.6188746	-2.185536	-1.22721	3.529422	-0.4157363	-1.708743	-0.2466654	-8.091309	0.1159184	-0.7116199	-1.647915	0.2330981	-0.2601873	-1.779293	-3.970758	-0.3295187	1.417474	2.760297	282.4333	251.2693	0	0	339.1229	249.3963	411.0428	238.1601	0	0	464.4952	234.5948	378.2584	311.92	0	0						
AFDES	20160317	Medit F06joyface Forward-1	0	MALE	test	TestImage	Emotient FACET	3800	3800			93	3800	1	223	159	295	295	6.148675	0	-6.492656	0	-8.564895	0	-4.041529	0	-5.002379	0	-5.786484	0	-7.143664	0	-9.305388	0	-6.937446	0	-9.937461	0	6.148675	0	-4.041529	0	-1.717896	-1.452848	-2.007005	-1.618753	2.448824	0.4494528	-2.305415	-1.329855	3.37388	-0.3051862	-1.752563	-0.2325476	-7.98205	0.09952742	-0.7653584	-1.671149	-0.02656086	-0.3262357	-1.857337	-3.951149	-0.6517723	1.243263	2.84672	282.9053	251.6531	0	0	340.5482	250.3012	410.6725	238.1804	0	0	464.6486	234.4911	377.665	309.5656	0	0						
AFDES	20160317	Medit F06joyface Forward-1	0	MALE	test	TestImage	Emotient FACET	3840	3840			94	3840	1	223	159	294	294	6.142257	0	-6.471047	0	-8.550078	0	-3.991931	0	-4.936086	0	-5.855036	0	-7.098647	0	-9.30982	0	-6.909081	0	-9.934938	0	6.142257	0	-3.991931	0	-1.717896	-1.439973	-2.046241	-1.575999	2.479034	0.4420517	-2.416524	-1.295303	3.390419	-0.2991357	-1.711353	-0.1843517	-7.948814	0.109249	-0.7372269	-1.652353	-0.08449619	-0.3236003	-1.817331	-4.001225	-0.3222956	0.9492635	2.73311	284.0004	251.526	0	0	339.6254	251.3707	410.2504	238.7622	0	0	465.3047	235.0275	377.813	310.3	0	0						
AFDES	20160317	Medit F06joyface Forward-1	0	MALE	test	TestImage	Emotient FACET	3880	3880			95	3880	1	223	159	295	295	6.121708	0	-6.468198	0	-8.726499	0	-4.093468	0	-4.908005	0	-5.860541	0	-7.060386	0	-9.252816	0	-6.827399	0	-10.04146	0	6.121708	0	-4.093468	0	-1.704072	-1.460032	-2.013072	-1.682567	2.441763	0.4730144	-2.315127	-1.340157	3.355517	-0.2784113	-1.775125	-0.1794329	-7.947953	0.09473007	-0.7349474	-1.589467	-0.1122079	-0.3160821	-1.766484	-4.114941	-0.3007186	1.569541	2.754625	285.0371	251.3486	0	0	340.7291	248.3428	411.4128	238.837	0	0	465.4708	235.3451	378.7632	312.1611	0	0						
AFDES	20160317	Medit F06joyface Forward-1	0	MALE	test	TestImage	Emotient FACET	3920	3920			96	3920	1	222	159	296	296	6.072865	0	-6.356848	0	-8.476683	0	-3.968894	0	-4.932605	0	-5.772212	0	-6.883907	0	-9.051207	0	-6.709108	0	-9.926755	0	6.072865	0	-3.968894	0	-1.661756	-1.438388	-1.934014	-1.669922	2.50424	0.4744449	-2.30425	-1.250753	3.359906	-0.3214933	-1.721554	-0.169307	-7.879056	0.1316971	-0.6774651	-1.606739	-0.06929424	-0.2936046	-1.736646	-3.861146	-0.221145	1.103253	2.751776	283.8426	251.5627	0	0	339.8316	250.7664	411.1549	238.8591	0	0	465.4547	234.8987	377.4929	311.5801	0	0						
AFDES	20160317	Medit F06joyface Forward-1	0	MALE	test	TestImage	Emotient FACET	3960	3960			97	3960	1	222	159	297	297	6.296687	0	-6.585798	0	-8.529512	0	-4.103629	0	-5.165729	0	-5.95541	0	-7.012511	0	-9.260884	0	-6.894918	0	-10.2323	0	6.296687	0	-4.103629	0	-1.626424	-1.431641	-1.950875	-1.767365	2.670286	0.5902601	-2.252052	-1.15895	3.412984	-0.4461319	-1.687379	-0.1736946	-8.121442	0.2211571	-0.6786301	-1.648453	0.2060029	-0.05978632	-1.611588	-4.170051	0.1512999	0.9815254	2.673232	284.921	251.2317	0	0	340.3237	250.3298	411.3696	239.4865	0	0	467.7612	237.5285	377.4688	312.3244	0	0						
AFDES	20160317	Medit F06joyface Forward-1	0	MALE	test	TestImage	Emotient FACET	4000	4000			98	4000	1	222	159	296	296	6.121706	0	-6.412248	0	-8.513883	0	-4.031285	0	-4.921305	0	-5.819176	0	-6.900422	0	-9.080216	0	-6.700493	0	-9.999701	0	6.121706	0	-4.031285	0	-1.672495	-1.456657	-1.974049	-1.707372	2.545842	0.5124015	-2.328987	-1.234682	3.359838	-0.361625	-1.711774	-0.158878	-7.895207	0.1308923	-0.6841936	-1.614974	-0.04648916	-0.2232234	-1.696831	-4.009393	-0.3560614	1.536742	2.756474	284.9679	251.7582	0	0	340.9221	250.2737	412.1555	239.5127	0	0	465.7859	235.6849	376.92	313.7419	0	0						
AFDES	20160317	Medit F06joyface Forward-1	0	MALE	test	TestImage	Emotient FACET	4040	4040			99	4040	1	222	159	297	297	6.145223	0	-6.391595	0	-8.549578	0	-4.052511	0	-5.00147	0	-5.87031	0	-6.868819	0	-9.04877	0	-6.682066	0	-10.11568	0	6.145223	0	-4.052511	0	-1.638518	-1.430182	-1.937949	-1.723113	2.597733	0.570825	-2.27724	-1.207551	3.375617	-0.391303	-1.675511	-0.1502232	-7.940023	0.1776308	-0.6240008	-1.579313	0.06009184	-0.1636047	-1.62362	-4.064546	-0.3731986	1.26237	2.803177	285.5141	251.6083	0	0	340.8268	251.2459	411.1714	239.6924	0	0	468.5425	236.377	377.3593	312.389	0	0						
AFDES	20160317	Medit F06joyface Forward-1	0	MALE	test	TestImage	Emotient FACET	4080	4080			100	4080	1	225	160	295	295	6.069236	0	-6.459925	0	-8.734691	0	-4.038341	0	-4.797413	0	-5.822267	0	-6.916596	0	-9.195186	0	-6.796894	0	-10.0585	0	6.069236	0	-4.038341	0	-1.694692	-1.476781	-1.997515	-1.723242	2.413293	0.4349731	-2.307597	-1.294537	3.348279	-0.3047462	-1.756095	-0.1166629	-7.844155	0.08092614	-0.7094984	-1.542024	-0.1297523	-0.3113505	-1.763921	-4.156827	-0.2386146	1.785317	2.710869	287.3825	251.3226	0	0	343.6495	248.6953	413.4964	240.7565	0	0	468.3426	236.5692	379.7646	313.06	0	0						
AFDES	20160317	Medit F06joyface Forward-1	0	MALE	test	TestImage	Emotient FACET	4120	4120			101	4120	1	225	160	295	295	6.035704	0	-6.411938	0	-8.685448	0	-3.99798	0	-4.827764	0	-5.778944	0	-6.945267	0	-9.167775	0	-6.785242	0	-9.975857	0	6.035704	0	-3.99798	0	-1.701218	-1.466022	-2.005915	-1.698376	2.390531	0.4241056	-2.317922	-1.320928	3.346331	-0.280521	-1.75942	-0.1336019	-7.866727	0.05777039	-0.704605	-1.532379	-0.1648189	-0.3502652	-1.764201	-4.110172	-0.1491549	2.047324	2.705102	287.6584	251.2881	0	0	343.0298	248.2372	412.9243	240.2016	0	0	468.0734	236.5769	381.1462	313.3176	0	0						
AFDES	20160317	Medit F06joyface Forward-1	0	MALE	test	TestImage	Emotient FACET	4160	4160			102	4160	1	225	159	295	295	5.941973	0	-6.277421	0	-8.473158	0	-3.866669	0	-4.760167	0	-5.663453	0	-6.821678	0	-8.982714	0	-6.589621	0	-9.735947	0	5.941973	0	-3.866669	0	-1.686829	-1.457896	-1.949589	-1.623317	2.368598	0.3777013	-2.319544	-1.305744	3.299269	-0.251227	-1.745437	-0.1364051	-7.816579	0.1257673	-0.6663336	-1.544534	-0.1977749	-0.3534473	-1.709553	-3.856676	-0.0101335	1.29377	2.73216	286.5682	251.5786	0	0	342.4982	249.4044	412.921	239.4225	0	0	467.1241	235.5465	379.1103	312.5921	0	0						
AFDES	20160317	Medit F06joyface Forward-1	0	MALE	test	TestImage	Emotient FACET	4200	4200			103	4200	1	224	159	296	296	5.95393	0	-6.317523	0	-8.525018	0	-3.971481	0	-4.75959	0	-5.727618	0	-6.805746	0	-8.963069	0	-6.545222	0	-9.884164	0	5.95393	0	-3.971481	0	-1.660578	-1.452157	-1.932049	-1.708086	2.382457	0.4481087	-2.252639	-1.277239	3.299637	-0.2771187	-1.721586	-0.09899578	-7.717729	0.1275571	-0.594655	-1.465732	-0.1198756	-0.2610104	-1.626613	-4.009461	-0.1328483	1.549436	2.706381	287.4926	250.3039	0	0	342.6685	249.361	413.1591	239.3374	0	0	468.7604	235.5181	378.3906	312.6708	0	0						
AFDES	20160317	Medit F06joyface Forward-1	0	MALE	test	TestImage	Emotient FACET	4240	4240			104	4240	1	226	159	293	293	5.966952	0	-6.358605	0	-8.591963	0	-3.910532	0	-4.799192	0	-5.54142	0	-7.033068	0	-9.168888	0	-6.757928	0	-9.850849	0	5.966952	0	-3.910532	0	-1.731431	-1.474037	-1.986138	-1.662702	2.316465	0.37711	-2.233	-1.341495	3.305139	-0.2422828	-1.767833	-0.1557775	-7.845598	0.1130148	-0.7182926	-1.557386	-0.1260295	-0.3364825	-1.790289	-3.909237	-0.4070682	1.993304	2.661267	288.0461	251.0059	0	0	343.5831	248.2459	413.5714	239.2417	0	0	467.374	235.5218	380.1125	312.4601	0	0						
AFDES	20160317	Medit F06joyface Forward-1	0	MALE	test	TestImage	Emotient FACET	4280	4280			105	4280	1	225	159	295	295	5.951414	0	-6.336476	0	-8.683849	0	-4.004509	0	-4.799219	0	-5.650976	0	-6.881932	0	-9.062424	0	-6.659352	0	-9.873546	0	5.951414	0	-4.004509	0	-1.70991	-1.469059	-1.962478	-1.720569	2.367482	0.4112243	-2.262387	-1.307128	3.317492	-0.2809878	-1.747595	-0.1335018	-7.825634	0.1256618	-0.6659671	-1.516404	-0.1347876	-0.3474886	-1.732083	-3.983304	-0.2921903	2.036301	2.653687	286.7734	250.5185	0	0	343.3938	248.179	413.4767	239.3116	0	0	467.2152	235.5936	379.927	312.4954	0	0						
AFDES	20160317	Medit F06joyface Forward-1	0	MALE	test	TestImage	Emotient FACET	4320	4320			106	4320	1	225	159	294	294	5.958193	0	-6.314924	0	-8.579906	0	-3.943557	0	-4.793769	0	-5.616125	0	-6.906364	0	-9.065063	0	-6.674302	0	-9.799219	0	5.958193	0	-3.943557	0	-1.718985	-1.466506	-1.991431	-1.689199	2.365825	0.398375	-2.290006	-1.30382	3.313345	-0.2690855	-1.720865	-0.1222297	-7.823333	0.1069924	-0.6867134	-1.530381	-0.1538593	-0.3452781	-1.741767	-3.969176	-0.367502	1.800309	2.648383	286.9075	250.7272	0	0	342.2543	248.4165	412.8441	239.8518	0	0	466.6642	235.7955	380.0609	312.5531	0	0						
AFDES	20160317	Medit F06joyface Forward-1	0	MALE	test	TestImage	Emotient FACET	4360	4360			107	4360	1	225	160	294	294	5.983963	0	-6.355917	0	-8.664645	0	-3.964581	0	-4.808209	0	-5.673349	0	-6.898995	0	-9.117298	0	-6.698975	0	-9.876958	0	5.983963	0	-3.964581	0	-1.719128	-1.495709	-2.003285	-1.738952	2.366121	0.3952406	-2.296972	-1.285858	3.316917	-0.2717917	-1.718985	-0.09446486	-7.822888	0.09884478	-0.6813377	-1.503877	-0.1791184	-0.3329655	-1.730804	-4.069294	-0.2430755	1.654903	2.639988	286.8406	250.9342	0	0	342.9658	248.5814	413.3117	240.1133	0	0	466.8303	235.9651	378.7814	312.4094	0	0						
AFDES	20160317	Medit F06joyface Forward-1	0	MALE	test	TestImage	Emotient FACET	4400	4400			108	4400	1	225	160	293	293	5.923749	0	-6.313398	0	-8.609793	0	-3.929379	0	-4.751346	0	-5.569952	0	-6.924525	0	-9.121984	0	-6.664662	0	-9.823836	0	5.923749	0	-3.929379	0	-1.743103	-1.506373	-2.006862	-1.749573	2.29284	0.3289928	-2.284125	-1.293507	3.298439	-0.2095033	-1.736719	-0.06611823	-7.782146	0.09190337	-0.6527651	-1.459086	-0.211618	-0.3239761	-1.717978	-4.028409	-0.01092843	1.693982	2.679618	286.712	250.9907	0	0	343.1904	248.515	413.1263	240.17	0	0	466.6711	235.8549	378.2341	311.8245	0	0						
AFDES	20160317	Medit F06joyface Forward-1	0	MALE	test	TestImage	Emotient FACET	4440	4440			109	4440	1	224	159	295	295	5.837329	0	-6.168497	0	-8.376446	0	-3.812341	0	-4.676306	0	-5.510926	0	-6.752697	0	-8.886831	0	-6.465415	0	-9.653636	0	5.837329	0	-3.812341	0	-1.708539	-1.47492	-1.930477	-1.684354	2.27696	0.3091855	-2.277885	-1.274276	3.269426	-0.2142841	-1.737115	-0.09712169	-7.68714	0.1428583	-0.5851733	-1.43427	-0.1903488	-0.3346334	-1.597755	-3.851398	-0.3949683	1.915219	2.647032	285.4375	250.9975	0	0	341.9985	248.8305	411.9126	238.9005	0	0	466.5577	235.5612	377.9829	311.5911	0	0						
AFDES	20160317	Medit F06joyface Forward-1	0	MALE	test	TestImage	Emotient FACET	4480	4480			110	4480	1	224	159	294	294	5.974439	0	-6.290932	0	-8.486712	0	-3.921455	0	-4.768593	0	-5.581157	0	-6.840261	0	-9.018117	0	-6.643637	0	-9.724373	0	5.974439	0	-3.921455	0	-1.696667	-1.467204	-1.977668	-1.687285	2.365483	0.3636889	-2.296958	-1.282416	3.297871	-0.2714536	-1.732917	-0.1528577	-7.773968	0.0945821	-0.7041305	-1.548908	-0.165628	-0.3526106	-1.73956	-3.988779	-0.4647387	1.908266	2.631717	286.7293	251.1481	0	0	342.0975	248.4623	411.8192	238.9099	0	0	466.7007	235.5898	378.8745	312.6204	0	0						
AFDES	20160317	Medit F06joyface Forward-1	0	MALE	test	TestImage	Emotient FACET	4520	4520			111	4520	1	222	158	297	297	6.08361	0	-6.339416	0	-8.44295	0	-3.994991	0	-5.119328	0	-5.765635	0	-6.846191	0	-8.992835	0	-6.699728	0	-10.11419	0	6.08361	0	-3.994991	0	-1.586186	-1.394173	-1.841564	-1.726268	2.598356	0.5977812	-2.152127	-1.183619	3.384138	-0.4035581	-1.673375	-0.1800703	-7.976608	0.2105061	-0.6161717	-1.59755	0.1825224	-0.1430774	-1.655113	-3.917336	-0.4180932	1.319401	2.664648	284.5248	250.9095	0	0	341.0647	249.5666	411.8069	238.7566	0	0	467.1936	235.1324	377.4924	311.8696	0	0						
AFDES	20160317	Medit F06joyface Forward-1	0	MALE	test	TestImage	Emotient FACET	4560	4560			112	4560	1	223	158	296	296	5.996511	0	-6.272456	0	-8.431218	0	-3.964836	0	-4.884388	0	-5.638471	0	-6.792672	0	-8.904242	0	-6.578211	0	-9.842787	0	5.996511	0	-3.964836	0	-1.652415	-1.4373	-1.896616	-1.72816	2.467113	0.4743503	-2.225729	-1.213721	3.349707	-0.3062168	-1.699448	-0.1568365	-7.805221	0.1523454	-0.6565957	-1.568217	-0.04327531	-0.2526698	-1.72239	-3.794874	0.2104757	1.169065	2.560854	285.0291	250.3445	0	0	340.6377	249.9379	411.6952	238.1575	0	0	466.5939	234.262	377.6722	310.4925	0	0						
AFDES	20160317	Medit F06joyface Forward-1	0	MALE	test	TestImage	Emotient FACET	4600	4600			113	4600	1	224	158	295	295	6.133069	0	-6.439883	0	-8.558825	0	-4.100399	0	-5.058175	0	-5.783945	0	-6.942312	0	-9.13124	0	-6.842755	0	-9.971707	0	6.133069	0	-4.100399	0	-1.661217	-1.421727	-1.953895	-1.75483	2.564334	0.5453147	-2.260995	-1.218727	3.403439	-0.346454	-1.659	-0.1905367	-7.953112	0.1335296	-0.7363389	-1.640187	0.04856412	-0.2647247	-1.797257	-3.946975	-0.02076489	1.011076	2.753644	286.0327	249.9832	0	0	340.6652	250.0529	412.5471	237.2012	0	0	466.8542	233.7089	377.6765	309.9889	0	0						
AFDES	20160317	Medit F06joyface Forward-1	0	MALE	test	TestImage	Emotient FACET	4640	4640			114	4640	1	224	157	296	296	6.33667	0	-6.669358	0	-8.688091	0	-4.28714	0	-5.311633	0	-5.9816	0	-7.15893	0	-9.42489	0	-7.162803	0	-10.22097	0	6.33667	0	-4.28714	0	-1.6689	-1.405582	-2.003595	-1.805791	2.692615	0.6189559	-2.290114	-1.214691	3.504417	-0.410234	-1.635723	-0.2339581	-8.154477	0.1041507	-0.801502	-1.706907	0.1743253	-0.2347294	-1.835617	-4.042693	0.132496	1.177143	2.581355	285.2776	249.2735	0	0	340.523	248.343	412.6384	236.2053	0	0	465.9719	234.0327	380.5851	310.0268	0	0						
AFDES	20160317	Medit F06joyface Forward-1	0	MALE	test	TestImage	Emotient FACET	4680	4680			115	4680	1	223	156	296	296	6.301039	0	-6.575358	0	-8.655898	0	-4.277015	0	-5.155718	0	-5.953766	0	-6.963307	0	-9.188097	0	-6.934414	0	-10.1282	0	6.301039	0	-4.277015	0	-1.630937	-1.410511	-1.97784	-1.806747	2.713296	0.6183334	-2.256694	-1.199892	3.464072	-0.4347045	-1.647142	-0.1933921	-7.98263	0.135732	-0.7441368	-1.662994	0.1115309	-0.2213933	-1.75738	-4.069843	-0.312452	0.7556191	2.682339	283.9109	248.8073	0	0	341.7096	247.5115	412.0187	235.7449	0	0	466.6905	234.5203	379.6848	308.472	0	0						
AFDES	20160317	Medit F06joyface Forward-1	0	MALE	test	TestImage	Emotient FACET	4720	4720			116	4720	1	224	156	294	294	6.128477	0	-6.438965	0	-8.59901	0	-4.150698	0	-4.961017	0	-5.692648	0	-7.021822	0	-9.086505	0	-6.777367	0	-9.825656	0	6.128477	0	-4.150698	0	-1.682886	-1.436719	-1.980521	-1.761246	2.502667	0.5154099	-2.247755	-1.291329	3.359379	-0.3122714	-1.734347	-0.208065	-7.892581	0.1241785	-0.7584013	-1.649119	-0.03282394	-0.2920741	-1.799932	-3.831009	-0.1122402	0.8843639	2.795314	285.0455	247.7908	0	0	340.2131	246.3455	410.5661	235.7859	0	0	465.1805	231.4839	379.9174	308.7277	0	0						
AFDES	20160317	Medit F06joyface Forward-1	0	MALE	test	TestImage	Emotient FACET	4760	4760			117	4760	1	225	156	293	293	6.153857	0	-6.543096	0	-8.51887	0	-4.084617	0	-5.025187	0	-5.657615	0	-7.134952	0	-9.257087	0	-6.981813	0	-9.819329	0	6.153857	0	-4.084617	0	-1.688095	-1.430877	-2.013488	-1.664892	2.489295	0.5005078	-2.275994	-1.303924	3.358591	-0.3255887	-1.716477	-0.2391784	-7.950076	0.1036249	-0.827392	-1.728084	0.02987689	-0.2884656	-1.926727	-3.88687	-0.4426982	0.7102825	2.921012	284.6518	247.7946	0	0	341.6852	248.3664	411.1927	234.5793	0	0	464.7479	231.2857	378.771	307.6896	0	0						
AFDES	20160317	Medit F06joyface Forward-1	0	MALE	test	TestImage	Emotient FACET	4800	4800			118	4800	1	224	156	294	294	6.136515	0	-6.505853	0	-8.516547	0	-4.078723	0	-4.997195	0	-5.665667	0	-7.073678	0	-9.172747	0	-6.890975	0	-9.759303	0	6.136515	0	-4.078723	0	-1.680975	-1.43255	-2.002913	-1.680228	2.473993	0.5000693	-2.26329	-1.302291	3.335689	-0.3301985	-1.724105	-0.239535	-7.913726	0.117095	-0.8069426	-1.691765	-0.008461207	-0.2909921	-1.877422	-3.895927	-0.4775068	0.6431069	2.901043	284.7925	247.9317	0	0	341.6849	247.0355	410.6814	234.8631	0	0	465.6249	231.4155	378.8666	307.4842	0	0						
AFDES	20160317	Medit F06joyface Forward-1	0	MALE	test	TestImage	Emotient FACET	4840	4840			119	4840	1	224	156	294	294	6.129947	0	-6.532246	0	-8.514124	0	-4.0553	0	-5.043823	0	-5.69676	0	-7.067362	0	-9.218599	0	-6.945868	0	-9.794439	0	6.129947	0	-4.0553	0	-1.684403	-1.43793	-1.992646	-1.672974	2.481416	0.5043097	-2.270324	-1.304827	3.344136	-0.3459637	-1.713117	-0.2375409	-7.980274	0.119091	-0.8082249	-1.706129	0.02231166	-0.2920449	-1.889679	-3.912153	-0.5330006	0.7143225	2.928776	284.7395	247.8756	0	0	341.5334	247.1436	410.7544	234.8733	0	0	465.6871	231.3261	379.1893	307.5292	0	0						
AFDES	20160317	Medit F06joyface Forward-1	0	MALE	test	TestImage	Emotient FACET	4880	4880			120	4880	1	224	156	295	295	6.03504	0	-6.398382	0	-8.462872	0	-4.050159	0	-4.920753	0	-5.567983	0	-6.922604	0	-8.988746	0	-6.774605	0	-9.630961	0	6.03504	0	-4.050159	0	-1.688997	-1.457584	-1.932801	-1.694213	2.432648	0.510412	-2.187895	-1.313042	3.286564	-0.3187823	-1.731302	-0.2349067	-7.828932	0.1441951	-0.7718897	-1.653264	-0.01755885	-0.2905053	-1.813819	-3.803866	-0.384039	0.5612999	2.777953	284.9333	247.8084	0	0	341.9054	246.1793	411.1469	235.2437	0	0	466.1748	231.7393	380.0227	307.7837	0	0						
AFDES	20160317	Medit F06joyface Forward-1	0	MALE	test	TestImage	Emotient FACET	4920	4920			121	4920	1	223	156	298	298	6.528581	0	-6.738844	0	-8.772281	0	-4.459113	0	-5.491996	0	-6.119146	0	-7.108288	0	-9.382049	0	-7.175631	0	-10.44033	0	6.528581	0	-4.459113	0	-1.627184	-1.400949	-1.968519	-1.887717	2.939023	0.7154267	-2.219285	-1.160651	3.645151	-0.5421088	-1.644375	-0.2438065	-8.312459	0.1110004	-0.7603453	-1.747039	0.3250115	-0.1718004	-1.784718	-4.131967	-0.09344736	0.5617459	2.77314	285.0962	248.8462	0	0	340.689	247.6047	413.0732	236.0518	0	0	467.7702	234.643	380.358	309.5743	0	0						
AFDES	20160317	Medit F06joyface Forward-1	0	MALE	test	TestImage	Emotient FACET	4960	4960			122	4960	1	225	156	295	295	6.257241	0	-6.650034	0	-8.621623	0	-4.238469	0	-5.30183	0	-5.785022	0	-7.231109	0	-9.38188	0	-7.168188	0	-10.09093	0	6.257241	0	-4.238469	0	-1.684955	-1.421692	-1.949525	-1.73113	2.588866	0.6164449	-2.146187	-1.282657	3.437412	-0.3946921	-1.708651	-0.2843963	-8.11453	0.08983289	-0.8240811	-1.76738	0.1954231	-0.2321378	-1.916024	-3.930453	0.04304136	1.070291	2.854192	286.0514	248.6693	0	0	341.3876	246.646	412.2286	236.6679	0	0	466.388	232.291	381.5549	309.7452	0	0						
AFDES	20160317	Medit F06joyface Forward-1	0	MALE	test	TestImage	Emotient FACET	5000	5000			123	5000	1	224	156	296	296	6.322904	0	-6.672707	0	-8.691625	0	-4.297468	0	-5.428035	0	-5.883626	0	-7.28366	0	-9.44059	0	-7.221818	0	-10.26283	0	6.322904	0	-4.297468	0	-1.700897	-1.431872	-1.940594	-1.769893	2.640444	0.6511301	-2.097127	-1.263526	3.474524	-0.413848	-1.709841	-0.289519	-8.202477	0.09402236	-0.8137478	-1.744857	0.2629988	-0.1853159	-1.872999	-4.044297	0.01525689	1.010294	2.75393	285.8514	248.6976	0	0	341.4952	247.4294	413.8154	236.4312	0	0	466.6259	232.6248	380.793	309.7369	0	0						
AFDES	20160317	Medit F06joyface Forward-1	0	MALE	test	TestImage	Emotient FACET	5040	5040			124	5040	1	224	157	296	296	6.202195	0	-6.473432	0	-8.672601	0	-4.202756	0	-5.095747	0	-5.832216	0	-6.994481	0	-9.139632	0	-6.844195	0	-10.01954	0	6.202195	0	-4.202756	0	-1.686604	-1.448673	-1.993253	-1.76382	2.592918	0.6175855	-2.228137	-1.250774	3.404681	-0.3542549	-1.660096	-0.1776725	-7.927661	0.1030923	-0.7112195	-1.617023	0.01192228	-0.2284041	-1.766548	-4.106373	-0.169926	0.6077077	2.747258	285.6333	248.7035	0	0	342.3605	249.5255	412.6522	235.9232	0	0	468.1595	233.9766	378.9926	308.364	0	0						
AFDES	20160317	Medit F06joyface Forward-1	0	MALE	test	TestImage	Emotient FACET	5080	5080			125	5080	1	224	158	295	295	6.226871	0	-6.489708	0	-8.619622	0	-4.183614	0	-5.009586	0	-5.851048	0	-6.936783	0	-9.159719	0	-6.785421	0	-9.968496	0	6.226871	0	-4.183614	0	-1.688003	-1.461218	-2.06559	-1.77361	2.635287	0.5849434	-2.372575	-1.210373	3.400975	-0.3782429	-1.603307	-0.1388618	-7.936263	0.0865576	-0.7220113	-1.642522	-0.06624758	-0.2078665	-1.771332	-4.176947	0.01578274	0.6425156	2.683522	286.3307	249.5267	0	0	340.8751	250.0301	413.7181	237.1114	0	0	467.7137	234.7416	377.4742	308.6678	0	0						
AFDES	20160317	Medit F06joyface Forward-1	0	MALE	test	TestImage	Emotient FACET	5120	5120			126	5120	1	225	158	296	296	6.442138	0	-6.802357	0	-8.716406	0	-4.314082	0	-5.557207	0	-5.971884	0	-7.398002	0	-9.672455	0	-7.444014	0	-10.3329	0	6.442138	0	-4.314082	0	-1.682847	-1.393372	-2.005686	-1.711823	2.693274	0.6930451	-2.191885	-1.251124	3.517337	-0.4400306	-1.618623	-0.304426	-8.306227	0.09112342	-0.8854851	-1.80399	0.3151208	-0.1562662	-1.952768	-4.161513	0.1035399	1.001245	2.734797	286.5072	249.6413	0	0	341.8503	249.6773	413.6479	237.5493	0	0	467.389	233.3885	380.7499	310.2626	0	0						
AFDES	20160317	Medit F06joyface Forward-1	0	MALE	test	TestImage	Emotient FACET	5160	5160			127	5160	1	225	159	294	294	6.190372	0	-6.474623	0	-8.537006	0	-4.083304	0	-5.104446	0	-5.754914	0	-7.12905	0	-9.31199	0	-6.959178	0	-9.876504	0	6.190372	0	-4.083304	0	-1.695353	-1.419295	-2.062999	-1.663921	2.521507	0.5127498	-2.369549	-1.23169	3.393532	-0.3010903	-1.62335	-0.1751991	-7.974778	0.09378825	-0.7254139	-1.657643	-0.02535174	-0.2682118	-1.813024	-4.072225	-0.2151624	0.9041196	2.759611	286.0887	250.3347	0	0	341.0509	251.6001	411.9988	238.0859	0	0	466.8306	234.2129	379.324	310.3294	0	0						
AFDES	20160317	Medit F06joyface Forward-1	0	MALE	test	TestImage	Emotient FACET	5200	5200			128	5200	1	224	159	295	295	6.002216	0	-6.240683	0	-8.570871	0	-4.135299	0	-4.847366	0	-5.597588	0	-6.744553	0	-8.828414	0	-6.477832	0	-9.679699	0	6.002216	0	-4.135299	0	-1.696205	-1.473401	-1.98285	-1.817264	2.446018	0.5330101	-2.224376	-1.237678	3.296084	-0.2846597	-1.624639	-0.09028456	-7.702075	0.1008133	-0.6120145	-1.470388	-0.1327156	-0.2160187	-1.625488	-4.051664	-0.4847233	1.336539	2.894376	286.5183	250.4649	0	0	341.4054	249.2201	412.7234	239.7469	0	0	467.0599	235.5257	378.4358	312.1551	0	0						
AFDES	20160317	Medit F06joyface Forward-1	0	MALE	test	TestImage	Emotient FACET	5240	5240			129	5240	1	223	160	296	296	6.35036	0	-6.636082	0	-8.617063	0	-4.201344	0	-5.223286	0	-5.972102	0	-7.059491	0	-9.363915	0	-7.00391	0	-10.20234	0	6.35036	0	-4.201344	0	-1.659997	-1.421519	-2.047001	-1.795234	2.723466	0.6365606	-2.357667	-1.146553	3.452509	-0.4477134	-1.569738	-0.1442988	-8.128441	0.1382763	-0.7270077	-1.694493	0.1262517	-0.07860961	-1.795401	-4.337497	-0.7186377	1.189061	3.000819	285.6422	252.1577	0	0	342.7804	251.6006	412.9779	241.1422	0	0	466.9131	236.3248	376.22	313.893	0	0						
AFDES	20160317	Medit F06joyface Forward-1	0	MALE	test	TestImage	Emotient FACET	5280	5280			130	5280	1	224	161	295	295	6.16826	0	-6.409122	0	-8.630482	0	-4.154812	0	-4.972639	0	-5.746964	0	-6.916518	0	-9.149848	0	-6.75001	0	-9.917489	0	6.16826	0	-4.154812	0	-1.701357	-1.448973	-2.06542	-1.796856	2.557321	0.5293195	-2.355683	-1.212818	3.400883	-0.3338995	-1.615145	-0.1247838	-7.911991	0.06243855	-0.7018471	-1.586134	-0.1056332	-0.248742	-1.792366	-4.169953	-0.6433652	0.9167207	2.84759	285.5089	252.4421	0	0	342.7132	251.5904	412.9411	240.7184	0	0	466.2553	236.3293	377.2475	313.4571	0	0						
AFDES	20160317	Medit F06joyface Forward-1	0	MALE	test	TestImage	Emotient FACET	5320	5320			131	5320	1	224	161	294	294	6.032404	0	-6.400965	0	-8.510009	0	-4.010849	0	-4.970756	0	-5.612772	0	-6.818413	0	-9.028072	0	-6.654383	0	-9.704082	0	6.032404	0	-4.010849	0	-1.721602	-1.501779	-1.986493	-1.789021	2.411962	0.5139742	-2.246085	-1.18995	3.270016	-0.2892292	-1.566613	-0.06104262	-7.793699	0.1272477	-0.6515186	-1.494309	-0.06665362	-0.1376128	-1.632161	-4.200856	-0.9490819	1.506295	2.926744	286.1916	251.74	0	0	343.2849	249.0509	412.3154	241.2417	0	0	466.4225	237.5561	377.3575	313.9025	0	0						
AFDES	20160317	Medit F06joyface Forward-1	0	MALE	test	TestImage	Emotient FACET	5360	5360			132	5360	1	224	160	294	294	5.779524	0	-6.14787	0	-8.309753	0	-3.87836	0	-4.784214	0	-5.264253	0	-6.640077	0	-8.72257	0	-6.39506	0	-9.391694	0	5.779524	0	-3.87836	0	-1.687131	-1.483214	-1.894365	-1.758446	2.283095	0.4179952	-2.133113	-1.229783	3.183207	-0.2228165	-1.618047	-0.07234288	-7.62333	0.120786	-0.6055107	-1.430453	-0.1329303	-0.2280771	-1.617958	-3.878714	-0.7407994	1.370015	2.993514	286.2166	250.729	0	0	341.267	250.216	412.6208	238.7681	0	0	466.2647	236.9987	377.297	311.8415	0	0						
AFDES	20160317	Medit F06joyface Forward-1	0	MALE	test	TestImage	Emotient FACET	5400	5400			133	5400	1	223	160	295	295	6.083217	0	-6.309658	0	-8.485864	0	-4.031399	0	-4.951125	0	-5.672841	0	-6.840364	0	-9.010272	0	-6.63729	0	-9.847798	0	6.083217	0	-4.031399	0	-1.662642	-1.441037	-1.992304	-1.747672	2.536241	0.5183534	-2.296537	-1.18435	3.355557	-0.3241844	-1.625427	-0.1138435	-7.861115	0.1043132	-0.6565973	-1.57486	-0.0982153	-0.2127363	-1.725188	-3.979825	-0.6864957	1.180853	2.910553	285.2799	251.6658	0	0	341.2251	250.1677	412.0229	239.5902	0	0	466.0417	235.6958	377.4188	312.6129	0	0						
AFDES	20160317	Medit F06joyface Forward-1	0	MALE	test	TestImage	Emotient FACET	5440	5440			134	5440	1	223	159	296	296	6.102198	0	-6.315115	0	-8.464205	0	-4.056273	0	-4.984409	0	-5.68322	0	-6.823145	0	-8.96814	0	-6.643826	0	-9.81124	0	6.102198	0	-4.056273	0	-1.659864	-1.435061	-2.000395	-1.759357	2.581579	0.5600646	-2.315947	-1.164941	3.372218	-0.3567698	-1.569891	-0.1335926	-7.843301	0.0988654	-0.6681831	-1.593195	-0.05221612	-0.2046361	-1.750557	-4.016466	-0.7592493	0.7786488	2.942322	285.4724	250.5807	0	0	341.2652	251.906	411.1355	238.6888	0	0	467.3754	235.1787	377.4309	311.369	0	0						
AFDES	20160317	Medit F06joyface Forward-1	0	MALE	test	TestImage	Emotient FACET	5480	5480			135	5480	1	224	159	295	295	5.990966	0	-6.241843	0	-8.493398	0	-4.018169	0	-4.841961	0	-5.56563	0	-6.806855	0	-8.954835	0	-6.594494	0	-9.680642	0	5.990966	0	-4.018169	0	-1.680532	-1.444562	-2.016773	-1.758315	2.412328	0.4518492	-2.292694	-1.246529	3.30157	-0.2818853	-1.646342	-0.1199386	-7.792651	0.08305322	-0.683481	-1.521141	-0.1763276	-0.2830752	-1.695477	-3.98717	-0.6053889	1.067878	2.757612	285.6233	250.7227	0	0	342.0041	248.5372	413.0312	239.5287	0	0	466.6759	234.8876	378.8914	310.2734	0	0						
AFDES	20160317	Medit F06joyface Forward-1	0	MALE	test	TestImage	Emotient FACET	5520	5520			136	5520	1	222	158	297	297	6.13231	0	-6.314352	0	-8.344173	0	-4.077115	0	-5.173032	0	-5.652891	0	-6.833131	0	-8.930644	0	-6.708324	0	-9.916446	0	6.13231	0	-4.077115	0	-1.595073	-1.372005	-1.903427	-1.755052	2.69338	0.6676098	-2.182497	-1.107006	3.403015	-0.4164533	-1.565753	-0.1809458	-7.964303	0.181736	-0.6505598	-1.658527	0.177538	-0.1105196	-1.709339	-3.846207	-0.5011705	0.8697932	2.752616	284.7212	250.8831	0	0	340.2771	251.6673	411.3524	238.2103	0	0	467.6513	234.9705	377.1584	310.7396	0	0						
AFDES	20160317	Medit F06joyface Forward-1	0	MALE	test	TestImage	Emotient FACET	5560	5560			137	5560	1	223	159	295	295	6.076643	0	-6.289448	0	-8.459434	0	-4.030538	0	-4.919409	0	-5.639686	0	-6.838412	0	-8.996789	0	-6.624066	0	-9.788575	0	6.076643	0	-4.030538	0	-1.661993	-1.434334	-2.013198	-1.726671	2.535722	0.5283713	-2.307158	-1.196771	3.34496	-0.3354968	-1.60428	-0.1308184	-7.85179	0.08382531	-0.6727692	-1.586633	-0.09741861	-0.217477	-1.754469	-3.986903	-0.5877103	0.911556	2.787757	285.4762	250.7762	0	0	342.2121	249.4358	412.5888	238.8489	0	0	465.9522	234.6985	377.4574	312.6142	0	0						
AFDES	20160317	Medit F06joyface Forward-1	0	MALE	test	TestImage	Emotient FACET	5600	5600			138	5600	1	224	159	295	295	6.106939	0	-6.307539	0	-8.418568	0	-4.061134	0	-4.971069	0	-5.643284	0	-6.888564	0	-9.066206	0	-6.726969	0	-9.761904	0	6.106939	0	-4.061134	0	-1.691534	-1.424731	-2.065733	-1.734426	2.553838	0.498992	-2.370928	-1.15529	3.37477	-0.3367026	-1.567369	-0.1255676	-7.86764	0.08364806	-0.6840988	-1.602374	-0.08023512	-0.2368957	-1.771192	-4.059996	-0.687719	0.95362	2.78269	285.6662	250.6165	0	0	342.0648	252.1508	411.5393	238.9613	0	0	467.1825	235.238	378.3767	312.1674	0	0						
AFDES	20160317	Medit F06joyface Forward-1	0	MALE	test	TestImage	Emotient FACET	5640	5640			139	5640	1	224	159	295	295	6.013927	0	-6.272273	0	-8.417235	0	-4.011229	0	-4.890846	0	-5.53592	0	-6.789403	0	-8.92162	0	-6.59785	0	-9.717395	0	6.013927	0	-4.011229	0	-1.65997	-1.446086	-1.987043	-1.770944	2.469481	0.5020889	-2.232765	-1.198596	3.307333	-0.3285167	-1.62617	-0.1335755	-7.777873	0.1041221	-0.6813208	-1.549441	-0.07271671	-0.2205078	-1.680641	-3.977585	-0.7522182	1.381617	2.799941	286.5811	250.6345	0	0	341.4365	250.0974	413.1882	240.089	0	0	467.6215	236.0267	378.8716	311.6328	0	0						
AFDES	20160317	Medit F06joyface Forward-1	0	MALE	test	TestImage	Emotient FACET	5680	5680			140	5680	1	224	159	296	296	6.241114	0	-6.481625	0	-8.573562	0	-4.204561	0	-5.214453	0	-5.805486	0	-6.988	0	-9.208557	0	-6.941998	0	-10.08465	0	6.241114	0	-4.204561	0	-1.662123	-1.417962	-2.018175	-1.803818	2.664076	0.6111643	-2.234222	-1.146895	3.442954	-0.4388613	-1.56575	-0.1746106	-8.039539	0.1049953	-0.7330388	-1.640558	0.1071325	-0.1770881	-1.79982	-4.188418	-0.5586389	1.30807	2.918094	286.6386	251.469	0	0	341.9289	251.8811	413.8737	239.2564	0	0	468.6157	236.4206	378.4484	311.8931	0	0						
AFDES	20160317	Medit F06joyface Forward-1	0	MALE	test	TestImage	Emotient FACET	5720	5720			141	5720	1	225	159	295	295	6.014184	0	-6.27734	0	-8.516044	0	-4.02268	0	-4.885428	0	-5.569949	0	-6.810687	0	-8.984438	0	-6.65896	0	-9.731331	0	6.014184	0	-4.02268	0	-1.676788	-1.450657	-2.014594	-1.758198	2.445491	0.4743178	-2.273885	-1.233774	3.330222	-0.3137873	-1.638545	-0.1419635	-7.812691	0.06793002	-0.6999434	-1.532893	-0.1502133	-0.2858694	-1.709947	-4.033731	-0.3385403	1.27442	2.932313	287.813	250.5077	0	0	341.598	251.1757	412.7098	238.4642	0	0	468.7634	236.2303	379.2256	311.748	0	0						
AFDES	20160317	Medit F06joyface Forward-1	0	MALE	test	TestImage	Emotient FACET	5760	5760			142	5760	1	225	159	295	295	5.919243	0	-6.186178	0	-8.41488	0	-3.978945	0	-4.798485	0	-5.465495	0	-6.700181	0	-8.844389	0	-6.527607	0	-9.575595	0	5.919243	0	-3.978945	0	-1.672185	-1.449529	-1.974899	-1.768597	2.385458	0.4387482	-2.242853	-1.238486	3.282881	-0.2869205	-1.636309	-0.1233636	-7.71021	0.08023246	-0.6683466	-1.482536	-0.1905377	-0.2994948	-1.650682	-3.93745	-0.4203988	1.677914	2.762625	287.0368	250.4578	0	0	342.2416	248.9996	413.5721	239.1353	0	0	467.6446	235.975	380.0941	311.7897	0	0						
AFDES	20160317	Medit F06joyface Forward-1	0	MALE	test	TestImage	Emotient FACET	5800	5800			143	5800	1	225	159	295	295	5.881305	0	-6.193928	0	-8.414307	0	-3.958608	0	-4.803093	0	-5.371662	0	-6.694917	0	-8.839158	0	-6.588166	0	-9.544257	0	5.881305	0	-3.958608	0	-1.673647	-1.449608	-1.960881	-1.770084	2.354105	0.4286504	-2.190846	-1.243904	3.289218	-0.293049	-1.655266	-0.1369688	-7.718758	0.08233696	-0.6779597	-1.48432	-0.1586687	-0.3066884	-1.688601	-3.886423	-0.4630286	1.793886	2.721706	287.0154	250.5448	0	0	343.956	248.1215	413.5328	239.0746	0	0	467.9359	235.4371	380.1852	311.9673	0	0						
AFDES	20160317	Medit F06joyface Forward-1	0	MALE	test	TestImage	Emotient FACET	5840	5840			144	5840	1	224	159	295	295	5.904936	0	-6.216598	0	-8.273198	0	-3.876904	0	-4.805172	0	-5.416005	0	-6.706734	0	-8.821482	0	-6.518147	0	-9.53417	0	5.904936	0	-3.876904	0	-1.668494	-1.453912	-1.940132	-1.70436	2.364762	0.4409645	-2.212906	-1.205073	3.253798	-0.2825399	-1.618668	-0.1107077	-7.700609	0.1175135	-0.6472198	-1.502572	-0.1068802	-0.2297531	-1.622411	-3.887941	-0.4666465	1.204847	2.854526	287.4964	250.3499	0	0	342.3137	249.2235	413.5383	238.8625	0	0	467.6901	235.6822	378.1297	312.5302	0	0						
AFDES	20160317	Medit F06joyface Forward-1	0	MALE	test	TestImage	Emotient FACET	5880	5880			145	5880	1	225	159	294	294	5.785133	0	-6.106994	0	-8.193744	0	-3.791547	0	-4.722755	0	-5.275692	0	-6.663658	0	-8.739736	0	-6.450676	0	-9.344539	0	5.785133	0	-3.791547	0	-1.69267	-1.45289	-1.916937	-1.648787	2.280159	0.3821707	-2.207937	-1.227591	3.203928	-0.2327609	-1.616794	-0.1079978	-7.689408	0.1324896	-0.6353999	-1.48436	-0.1626604	-0.2684599	-1.622414	-3.740531	-0.430068	1.195251	2.847927	287.4078	250.6175	0	0	342.2086	249.4801	413.3007	239.2278	0	0	467.6079	235.4515	378.3055	311.8865	0	0						
AFDES	20160317	Medit F06joyface Forward-1	0	MALE	test	TestImage	Emotient FACET	5920	5920			146	5920	1	224	158	297	297	6.036179	0	-6.243974	0	-8.421717	0	-4.033442	0	-5.082811	0	-5.582593	0	-6.802022	0	-8.854885	0	-6.603692	0	-9.947287	0	6.036179	0	-4.033442	0	-1.610633	-1.402452	-1.863142	-1.776763	2.578246	0.6205837	-2.109499	-1.164525	3.369522	-0.3845364	-1.615917	-0.1736357	-7.912063	0.1610093	-0.6019982	-1.55895	0.1190839	-0.1518273	-1.63736	-3.83431	-0.4774252	1.217904	2.763788	286.5939	251.2743	0	0	342.2122	250.1329	414.028	239.1606	0	0	468.8475	235.2816	378.2919	312.2476	0	0						
AFDES	20160317	Medit F06joyface Forward-1	0	MALE	test	TestImage	Emotient FACET	5960	5960			147	5960	1	223	158	298	298	6.127485	0	-6.319316	0	-8.518135	0	-4.117263	0	-5.267409	0	-5.693353	0	-6.850161	0	-8.935156	0	-6.712491	0	-10.16582	0	6.127485	0	-4.117263	0	-1.584654	-1.371546	-1.853696	-1.821623	2.678427	0.7120449	-2.054811	-1.131611	3.435072	-0.4408855	-1.599934	-0.1626953	-8.016376	0.1921759	-0.566236	-1.531343	0.2617555	-0.07824475	-1.58391	-4.00896	-0.4711334	1.051014	2.789206	286.4996	251.101	0	0	342.3509	249.5811	414.5443	239.1639	0	0	469.4244	236.2841	379.2534	312.484	0	0						
AFDES	20160317	Medit F06joyface Forward-1	0	MALE	test	TestImage	Emotient FACET	6000	6000			148	6000	1	224	159	296	296	5.872763	0	-6.100415	0	-8.283514	0	-3.855877	0	-4.742716	0	-5.406781	0	-6.667892	0	-8.733769	0	-6.41388	0	-9.566472	0	5.872763	0	-3.855877	0	-1.662356	-1.445826	-1.924851	-1.710096	2.367666	0.4401579	-2.216697	-1.198702	3.264292	-0.2568597	-1.625841	-0.09085265	-7.662217	0.1096387	-0.5814798	-1.447408	-0.1567554	-0.2505086	-1.589931	-3.846907	-0.3739204	1.139805	2.726256	287.4691	250.1407	0	0	342.7659	250.809	413.7241	239.3103	0	0	468.7228	235.6616	378.5362	312.0738	0	0						
