#Study : AFDES
#Date : 20160317 11:57:14
#Version : 5.7.2389.1
#TestRunDate : 20160317 11:53:13.477 (+01:00)

StudyName	ExportDate	Name	Age	Gender	StimulusName	SlideType	EventSource	Timestamp	MediaTime	PostMarker	Annotation	FrameNo	FrameTime	NoOfFaces	FaceRect X	FaceRect Y	FaceRect Width	FaceRect Height	Joy Evidence	Joy Intensity	Anger Evidence	Anger Intensity	Surprise Evidence	Surprise Intensity	Fear Evidence	Fear Intensity	Contempt Evidence	Contempt Intensity	Disgust Evidence	Disgust Intensity	Sadness Evidence	Sadness Intensity	Confusion Evidence	Confusion Intensity	Frustration Evidence	Frustration Intensity	Neutral Evidence	Neutral Intensity	Positive Evidence	Positive Intensity	Negative Evidence	Negative Intensity	AU1 Evidence	AU2 Evidence	AU4 Evidence	AU5 Evidence	AU6 Evidence	AU7 Evidence	AU9 Evidence	AU10 Evidence	AU12 Evidence	AU14 Evidence	AU15 Evidence	AU17 Evidence	AU18 Evidence	AU20 Evidence	AU23 Evidence	AU24 Evidence	AU25 Evidence	AU26 Evidence	AU28 Evidence	AU43 Evidence	Yaw Degrees	Pitch Degrees	Roll Degrees	LEFT_EYE_LATERAL X	LEFT_EYE_LATERAL Y	LEFT_EYE_PUPIL X	LEFT_EYE_PUPIL Y	LEFT_EYE_MEDIAL X	LEFT_EYE_MEDIAL Y	RIGHT_EYE_MEDIAL X	RIGHT_EYE_MEDIAL Y	RIGHT_EYE_PUPIL X	RIGHT_EYE_PUPIL Y	RIGHT_EYE_LATERAL X	RIGHT_EYE_LATERAL Y	NOSE_TIP X	NOSE_TIP Y	7 X	7 Y	LiveMarker	KeyStroke	MarkerText	SceneType	SceneOutput	SceneParent
AFDES	20160317	Medit F10disgustface Forward-3	0	MALE	test	TestImage	Emotient FACET	80	80			0	80	1	205	198	302	302	-2.921497	0	-2.819615	0	-0.6378964	0	-0.7511936	0	-0.6046565	0	-2.991508	0	-2.394921	0	-2.879315	0	-2.646437	0	2.31655	0	-2.921497	0	-0.6046565	0	-0.1415799	0.4469582	-1.375594	0.1092179	-1.815129	-0.8868989	-5.305296	-1.054613	-1.322897	-0.7099658	-1.948051	-1.561096	-1.535913	-1.086111	-1.087632	-1.050426	-1.771158	-1.874953	-3.531012	-3.214597	-0.3668137	2.361579	-1.034939	275.0428	280.4111	0	0	331.5952	287.1227	402.2789	285.9607	0	0	454.6292	277.6812	365.3405	363.0232	0	0						
AFDES	20160317	Medit F10disgustface Forward-3	0	MALE	test	TestImage	Emotient FACET	120	120			1	120	1	206	198	301	301	-3.206258	0	-2.873005	0	-0.6694362	0	-0.8477797	0	-0.7261069	0	-2.93542	0	-2.463247	0	-2.932827	0	-2.737966	0	2.391338	0	-3.206258	0	-0.7261069	0	-0.1392803	0.4893449	-1.402748	0.1172328	-1.82327	-0.9063559	-5.297024	-1.01472	-1.416958	-0.7837051	-1.97895	-1.63335	-1.58174	-1.133235	-1.20648	-1.125217	-1.772148	-1.917153	-3.692862	-3.340808	-0.4721214	2.520408	-1.005106	275.6741	280.9413	0	0	332.4469	286.2931	402.2713	285.9574	0	0	454.5355	277.5946	365.8804	363.1641	0	0						
AFDES	20160317	Medit F10disgustface Forward-3	0	MALE	test	TestImage	Emotient FACET	160	160			2	160	1	205	197	302	302	-3.001881	0	-2.778168	0	-0.6938348	0	-0.6815104	0	-0.5996624	0	-3.075369	0	-2.355586	0	-2.840822	0	-2.606848	0	2.301332	0	-3.001881	0	-0.5996624	0	-0.1556063	0.423193	-1.384269	0.1469645	-1.821752	-0.8670214	-5.393163	-1.10914	-1.327377	-0.7036538	-1.944533	-1.559482	-1.560459	-1.033731	-1.001081	-1.057018	-1.800969	-1.906725	-3.573086	-3.241189	-0.560805	2.801093	-0.9232182	275.2324	280.1688	0	0	330.9966	286.1111	402.514	285.9029	0	0	454.6737	277.189	364.513	362.4084	0	0						
AFDES	20160317	Medit F10disgustface Forward-3	0	MALE	test	TestImage	Emotient FACET	200	200			3	200	1	204	197	305	305	-2.684171	0	-2.728141	0	-0.7068353	0	-0.7690542	0	-0.443036	0	-3.064525	0	-2.168346	0	-2.771635	0	-2.446031	0	2.259528	0	-2.684171	0	-0.443036	0	-0.181083	0.3609781	-1.364309	0.06121043	-1.811946	-0.8934292	-5.390549	-1.052006	-1.25392	-0.584576	-1.884754	-1.470622	-1.461968	-1.194009	-0.8907806	-0.953829	-1.842157	-1.863854	-3.259671	-3.289582	-0.2890386	2.40291	-1.058372	274.3293	280.5337	0	0	330.8008	285.6746	402.3535	286.0533	0	0	455.6271	277.7925	365.8973	363.1516	0	0						
AFDES	20160317	Medit F10disgustface Forward-3	0	MALE	test	TestImage	Emotient FACET	240	240			4	240	1	205	197	304	304	-2.4966	0	-2.67287	0	-0.6922307	0	-0.7988515	0	-0.3493077	0	-2.885955	0	-2.187328	0	-2.862749	0	-2.447392	0	2.182599	0	-2.4966	0	-0.3493077	0	-0.1184145	0.4462376	-1.352344	0.1005577	-1.786399	-0.8304999	-5.273499	-0.9510263	-1.197708	-0.544155	-1.834247	-1.397881	-1.384847	-1.223882	-0.8898647	-0.9305547	-1.832958	-1.826106	-3.130296	-3.277575	-0.348978	2.581448	-1.115079	275.0726	280.3353	0	0	331.7647	286.1968	401.6587	286.0554	0	0	457.5042	278.6083	366.4075	362.3508	0	0						
AFDES	20160317	Medit F10disgustface Forward-3	0	MALE	test	TestImage	Emotient FACET	280	280			5	280	1	204	196	304	304	-2.728007	0	-2.726188	0	-0.6307873	0	-0.6155025	0	-0.4885217	0	-2.989973	0	-2.211847	0	-2.894014	0	-2.587568	0	2.224453	0	-2.728007	0	-0.4885217	0	-0.1615362	0.3964535	-1.34104	0.1706843	-1.823675	-0.8617225	-5.376544	-1.059457	-1.25484	-0.6436148	-1.884036	-1.483518	-1.504477	-1.081324	-0.9196734	-1.044178	-1.783551	-1.887576	-3.376471	-3.229179	-0.6176417	2.680593	-0.7893416	275.0771	280.0401	0	0	330.7836	285.1955	402.5446	286.0053	0	0	456.0646	277.7281	364.6586	362.7145	0	0						
AFDES	20160317	Medit F10disgustface Forward-3	0	MALE	test	TestImage	Emotient FACET	320	320			6	320	1	204	197	304	304	-2.658071	0	-2.703223	0	-0.6039752	0	-0.7090139	0	-0.4733301	0	-2.862231	0	-2.230147	0	-2.903153	0	-2.575323	0	2.208917	0	-2.658071	0	-0.4733301	0	-0.1361726	0.4371377	-1.341919	0.1594486	-1.809936	-0.8519974	-5.26818	-0.9650803	-1.249052	-0.6548947	-1.864219	-1.474942	-1.488623	-1.145858	-0.9695187	-1.028893	-1.782262	-1.858163	-3.316869	-3.279355	-0.3432014	2.729802	-1.006487	275.1845	280.2087	0	0	330.8304	285.7416	401.474	286.0424	0	0	456.6839	278.1878	366.1607	362.8301	0	0						
AFDES	20160317	Medit F10disgustface Forward-3	0	MALE	test	TestImage	Emotient FACET	360	360			7	360	1	205	197	302	302	-2.811101	0	-2.783548	0	-0.5738534	0	-0.5891826	0	-0.5886577	0	-2.897408	0	-2.347378	0	-2.912452	0	-2.677957	0	2.262058	0	-2.811101	0	-0.5886577	0	-0.1146348	0.4677105	-1.336891	0.1851373	-1.769449	-0.8518621	-5.268921	-0.9657539	-1.25803	-0.7153891	-1.921448	-1.578439	-1.602592	-1.026732	-1.049752	-1.087651	-1.728083	-1.897363	-3.528548	-3.214577	-0.4366412	2.640139	-0.9070861	275.2961	280.2976	0	0	330.5971	285.8538	402.2444	286.0158	0	0	454.4534	277.6541	365.4593	363.1279	0	0						
AFDES	20160317	Medit F10disgustface Forward-3	0	MALE	test	TestImage	Emotient FACET	400	400			8	400	1	205	197	302	302	-3.028448	0	-2.7527	0	-0.6200558	0	-0.5890041	0	-0.7000332	0	-2.855221	0	-2.394833	0	-2.976804	0	-2.756721	0	2.277051	0	-3.028448	0	-0.5890041	0	-0.1228904	0.478378	-1.361554	0.2227357	-1.805001	-0.842701	-5.269219	-0.9653715	-1.349041	-0.7959511	-1.904656	-1.586665	-1.637859	-0.9800593	-1.094341	-1.159439	-1.729915	-1.938752	-3.650446	-3.261779	-0.5331024	2.615851	-0.9167106	275.9366	280.4382	0	0	330.5844	285.5119	402.2159	286.1704	0	0	455.0039	277.9633	365.1887	362.8125	0	0						
AFDES	20160317	Medit F10disgustface Forward-3	0	MALE	test	TestImage	Emotient FACET	440	440			9	440	1	205	197	302	302	-2.867522	0	-2.75112	0	-0.5680969	0	-0.5501972	0	-0.6482733	0	-2.800025	0	-2.368131	0	-2.893492	0	-2.701307	0	2.278834	0	-2.867522	0	-0.5501972	0	-0.1122026	0.4740336	-1.321833	0.1991466	-1.722163	-0.8189175	-5.203483	-0.9345194	-1.26603	-0.7574063	-1.919612	-1.639438	-1.61061	-1.02034	-1.100215	-1.131079	-1.698052	-1.901386	-3.633535	-3.18418	-0.4598384	2.657739	-0.9319724	275.5241	280.4977	0	0	330.5091	285.4988	402.0901	285.9445	0	0	454.0627	277.5683	365.5581	363.4391	0	0						
AFDES	20160317	Medit F10disgustface Forward-3	0	MALE	test	TestImage	Emotient FACET	480	480			10	480	1	205	198	302	302	-2.942693	0	-2.750338	0	-0.6518037	0	-0.612183	0	-0.6381669	0	-2.906546	0	-2.293644	0	-2.787776	0	-2.626734	0	2.279944	0	-2.942693	0	-0.612183	0	-0.1105209	0.456566	-1.323483	0.1495068	-1.721135	-0.8289737	-5.260301	-0.9744623	-1.299011	-0.7780353	-1.87805	-1.600402	-1.587548	-1.050883	-1.074645	-1.115086	-1.718909	-1.90099	-3.638599	-3.210529	-0.4396521	2.430122	-0.9541495	275.1284	280.7271	0	0	330.4133	285.3958	402.1809	285.9611	0	0	453.5413	277.5691	365.1703	363.5462	0	0						
AFDES	20160317	Medit F10disgustface Forward-3	0	MALE	test	TestImage	Emotient FACET	520	520			11	520	1	204	196	304	304	-2.76459	0	-2.65745	0	-0.6438596	0	-0.555375	0	-0.5693033	0	-2.82149	0	-2.2562	0	-2.726625	0	-2.533139	0	2.254277	0	-2.76459	0	-0.555375	0	-0.1845382	0.3500991	-1.32959	0.1464417	-1.698069	-0.8541459	-5.191064	-0.9448398	-1.243425	-0.7138531	-1.849643	-1.591902	-1.59154	-1.030162	-0.9608045	-1.070047	-1.720229	-1.87585	-3.508594	-3.133102	-0.512014	2.447419	-0.9294472	274.2378	280.2884	0	0	330.306	285.2524	402.1998	284.7922	0	0	454.2042	277.0865	364.8692	363.0699	0	0						
AFDES	20160317	Medit F10disgustface Forward-3	0	MALE	test	TestImage	Emotient FACET	560	560			12	560	1	204	197	303	303	-3.000826	0	-2.761812	0	-0.6539189	0	-0.4339265	0	-0.6802506	0	-2.940299	0	-2.29125	0	-2.927068	0	-2.750753	0	2.227578	0	-3.000826	0	-0.4339265	0	-0.1548265	0.4234618	-1.363208	0.1962076	-1.719993	-0.8343078	-5.335103	-0.9448625	-1.294148	-0.7546418	-1.849584	-1.591339	-1.611924	-0.9472219	-1.035357	-1.141136	-1.656432	-1.853342	-3.617039	-3.263013	-0.5140131	2.152629	-0.9936253	274.4449	279.0948	0	0	330.4094	285.3542	402.1313	285.6091	0	0	453.7871	277.2835	364.4798	362.8844	0	0						
AFDES	20160317	Medit F10disgustface Forward-3	0	MALE	test	TestImage	Emotient FACET	600	600			13	600	1	204	197	303	303	-3.067729	0	-2.761821	0	-0.621892	0	-0.442815	0	-0.7505658	0	-2.885782	0	-2.293207	0	-2.959936	0	-2.818872	0	2.226015	0	-3.067729	0	-0.442815	0	-0.1336903	0.4492965	-1.342027	0.2385216	-1.736046	-0.8096577	-5.303828	-0.9345149	-1.337066	-0.8166277	-1.875886	-1.614542	-1.615905	-0.9577346	-1.064056	-1.180156	-1.662735	-1.893297	-3.711502	-3.251248	-0.5627077	2.311913	-0.9332339	274.9316	279.116	0	0	330.5002	285.3285	402.131	285.4474	0	0	454.0784	277.3257	364.5528	363.1761	0	0						
AFDES	20160317	Medit F10disgustface Forward-3	0	MALE	test	TestImage	Emotient FACET	640	640			14	640	1	204	197	303	303	-2.984722	0	-2.732706	0	-0.6190972	0	-0.5030151	0	-0.7080357	0	-2.822044	0	-2.256222	0	-2.860178	0	-2.735333	0	2.228126	0	-2.984722	0	-0.5030151	0	-0.1503166	0.4204036	-1.333196	0.2088314	-1.700965	-0.8165573	-5.237564	-0.9110143	-1.306683	-0.7961658	-1.806502	-1.580375	-1.596066	-0.9549932	-1.016511	-1.156863	-1.640508	-1.847645	-3.686096	-3.248478	-0.3349065	2.237551	-0.8690882	274.091	280.0656	0	0	330.5082	285.6484	402.1259	285.8163	0	0	453.714	277.4241	364.7028	362.9695	0	0						
AFDES	20160317	Medit F10disgustface Forward-3	0	MALE	test	TestImage	Emotient FACET	680	680			15	680	1	204	197	303	303	-3.044611	0	-2.690697	0	-0.6019307	0	-0.4665726	0	-0.7368848	0	-2.778341	0	-2.311398	0	-2.898173	0	-2.7423	0	2.234511	0	-3.044611	0	-0.4665726	0	-0.1552466	0.4300073	-1.339818	0.2377555	-1.743109	-0.8291579	-5.222162	-0.9093118	-1.332072	-0.8171833	-1.833899	-1.603381	-1.641196	-0.9402313	-1.085604	-1.163967	-1.67248	-1.896625	-3.703182	-3.254417	-0.5289057	2.343882	-0.8186044	274.7646	279.9431	0	0	330.4619	285.7183	402.1904	285.8844	0	0	453.8994	277.3148	364.9778	363.107	0	0						
AFDES	20160317	Medit F10disgustface Forward-3	0	MALE	test	TestImage	Emotient FACET	720	720			16	720	1	204	197	302	302	-3.068695	0	-2.68019	0	-0.6152086	0	-0.5255916	0	-0.7499136	0	-2.729373	0	-2.352971	0	-2.890465	0	-2.772803	0	2.244677	0	-3.068695	0	-0.5255916	0	-0.1456433	0.4446247	-1.333923	0.2338396	-1.723556	-0.8206372	-5.163013	-0.8853585	-1.352618	-0.8396393	-1.873021	-1.618456	-1.623806	-0.9844913	-1.125134	-1.19849	-1.662557	-1.905848	-3.7514	-3.274202	-0.513475	2.460446	-0.8384573	274.782	280.022	0	0	330.4942	285.7015	402.1176	286.0291	0	0	453.6812	277.1827	364.8912	363.2927	0	0						
AFDES	20160317	Medit F10disgustface Forward-3	0	MALE	test	TestImage	Emotient FACET	760	760			17	760	1	204	197	303	303	-2.985283	0	-2.632726	0	-0.5822096	0	-0.5279076	0	-0.6853008	0	-2.714124	0	-2.324951	0	-2.882217	0	-2.731586	0	2.231926	0	-2.985283	0	-0.5279076	0	-0.1724084	0.4048129	-1.330052	0.2497163	-1.709522	-0.8217123	-5.121158	-0.8681352	-1.308134	-0.7836217	-1.847854	-1.583861	-1.594299	-0.9994587	-1.046501	-1.163843	-1.670283	-1.893527	-3.686604	-3.293643	-0.4003659	2.420216	-0.8474595	274.8014	279.9645	0	0	330.408	285.7507	402.0364	285.9083	0	0	454.2947	277.0323	364.5754	363.3715	0	0						
AFDES	20160317	Medit F10disgustface Forward-3	0	MALE	test	TestImage	Emotient FACET	800	800			18	800	1	205	198	301	301	-3.295884	0	-2.637464	0	-0.5553889	0	-0.6187692	0	-0.8333502	0	-2.706258	0	-2.432338	0	-2.884017	0	-2.768985	0	2.272448	0	-3.295884	0	-0.6187692	0	-0.1107155	0.5001949	-1.328255	0.2470835	-1.739789	-0.8213511	-5.13241	-0.9025943	-1.441566	-0.904669	-1.946528	-1.652677	-1.569221	-1.096058	-1.198291	-1.223794	-1.678632	-1.937937	-3.871593	-3.308681	-0.404967	2.221079	-0.8068415	275.3639	280.8039	0	0	330.4087	285.6933	402.0226	285.8958	0	0	453.8353	277.3559	364.9135	363.0117	0	0						
AFDES	20160317	Medit F10disgustface Forward-3	0	MALE	test	TestImage	Emotient FACET	840	840			19	840	1	204	197	303	303	-2.956497	0	-2.582164	0	-0.6280715	0	-0.5486652	0	-0.7153437	0	-2.595867	0	-2.327336	0	-2.796932	0	-2.687974	0	2.271855	0	-2.956497	0	-0.5486652	0	-0.2378198	0.3237274	-1.31733	0.2379197	-1.695958	-0.8306713	-5.061358	-0.8338161	-1.341529	-0.8238667	-1.860473	-1.641993	-1.645998	-0.9504015	-1.075727	-1.19499	-1.651123	-1.899771	-3.698548	-3.324759	-0.8801726	2.468653	-0.8164887	274.8306	280.3264	0	0	330.4852	285.7873	402.7673	285.2837	0	0	454.4634	276.9235	364.0737	362.8375	0	0						
AFDES	20160317	Medit F10disgustface Forward-3	0	MALE	test	TestImage	Emotient FACET	880	880			20	880	1	205	197	303	303	-2.924946	0	-2.571944	0	-0.5482939	0	-0.5661502	0	-0.6839167	0	-2.465343	0	-2.389476	0	-2.902544	0	-2.735085	0	2.232567	0	-2.924946	0	-0.5661502	0	-0.1689263	0.4309004	-1.305362	0.2615072	-1.675754	-0.7813464	-4.92811	-0.7464756	-1.308995	-0.8226542	-1.887212	-1.632917	-1.588628	-1.026305	-1.14871	-1.226523	-1.6195	-1.883819	-3.682672	-3.261146	-0.5435386	2.300434	-0.8927048	275.8122	280.6251	0	0	330.9002	286.0223	402.5364	285.5896	0	0	455.725	277.6825	364.52	363.1142	0	0						
AFDES	20160317	Medit F10disgustface Forward-3	0	MALE	test	TestImage	Emotient FACET	920	920			21	920	1	205	197	302	302	-3.022514	0	-2.624589	0	-0.5557513	0	-0.5946246	0	-0.7941623	0	-2.339794	0	-2.523891	0	-2.932829	0	-2.839405	0	2.328799	0	-3.022514	0	-0.5946246	0	-0.1729448	0.4340812	-1.315432	0.2565312	-1.611675	-0.7771957	-4.898868	-0.6808999	-1.349285	-0.9196118	-1.986476	-1.792963	-1.633554	-0.9966518	-1.268066	-1.32971	-1.567497	-1.917013	-3.831897	-3.275026	-0.4780521	2.323896	-0.7947946	276.1028	280.5569	0	0	330.9987	285.9977	402.4794	285.7457	0	0	454.9086	277.5229	364.891	363.3329	0	0						
AFDES	20160317	Medit F10disgustface Forward-3	0	MALE	test	TestImage	Emotient FACET	960	960			22	960	1	203	197	306	306	-2.50328	0	-2.468596	0	-0.7057991	0	-0.6553293	0	-0.5074756	0	-2.159123	0	-2.306133	0	-2.759252	0	-2.596718	0	2.235339	0	-2.50328	0	-0.5074756	0	-0.1826885	0.3623557	-1.241323	0.2014687	-1.400671	-0.7035636	-4.671264	-0.4715821	-1.150998	-0.740658	-1.884907	-1.730941	-1.537132	-1.126934	-1.060151	-1.255654	-1.518293	-1.846535	-3.611605	-3.352205	-0.5953776	2.453635	-0.6435435	275.4862	280.7158	0	0	331.0406	286.3167	403.2191	285.8449	0	0	456.8026	278.1205	363.6822	364.3429	0	0						
AFDES	20160317	Medit F10disgustface Forward-3	0	MALE	test	TestImage	Emotient FACET	1000	1000			23	1000	1	203	197	306	306	-2.32909	0	-2.471285	0	-0.6746558	0	-0.6206058	0	-0.4749182	0	-1.879501	0	-2.428783	0	-2.854044	0	-2.703139	0	2.180543	0	-2.32909	0	-0.4749182	0	-0.1321122	0.4345993	-1.201229	0.2328113	-1.249491	-0.6337357	-4.554023	-0.2832396	-1.042533	-0.7727798	-1.993616	-1.882173	-1.573332	-1.159985	-1.141837	-1.378926	-1.390234	-1.84769	-3.709777	-3.291031	-0.4370605	2.391964	-0.5542133	275.399	280.8294	0	0	331.0108	286.6553	403.9341	287.1002	0	0	456.7808	278.0964	363.4986	363.9158	0	0						
AFDES	20160317	Medit F10disgustface Forward-3	0	MALE	test	TestImage	Emotient FACET	1040	1040			24	1040	1	204	197	305	305	-2.206474	0	-2.219179	0	-0.6356513	0	-0.6800603	0	-0.5559292	0	-0.9371234	0	-2.501797	0	-2.937677	0	-2.760829	0	2.000466	0	-2.206474	0	-0.5559292	0	-0.2043832	0.3559069	-1.206894	0.07822748	-1.02538	-0.6927163	-3.863106	0.3382379	-0.939023	-0.8910047	-1.684729	-1.724815	-1.538971	-1.142452	-1.184199	-1.435521	-1.141354	-1.760888	-3.722599	-3.033988	-0.3041635	2.482296	-0.4415364	274.4109	281.3353	0	0	331.4464	286.8336	402.6727	286.0861	0	0	456.185	278.0087	363.7	363.4927	0	0						
AFDES	20160317	Medit F10disgustface Forward-3	0	MALE	test	TestImage	Emotient FACET	1080	1080			25	1080	1	206	198	302	302	-2.178039	0	-1.811755	0	-0.1984748	0	-0.5108246	0	-0.8854433	0	0.434659	0	-2.648287	0	-3.502403	0	-3.273685	0	1.199244	0	-2.178039	0	0.434659	0	-0.1664629	0.4386176	-1.108688	0.0422926	-0.8785196	-0.6229476	-3.04538	1.117867	-0.9183831	-1.199398	-1.341734	-1.261167	-1.456189	-0.9553645	-1.279903	-1.696316	-0.4770797	-1.355796	-3.498115	-2.507322	-0.1023758	2.03136	-0.215725	275.7468	281.6487	0	0	330.0022	287.2531	403.5164	284.9682	0	0	454.9116	277.9069	364.8124	361.611	0	0						
AFDES	20160317	Medit F10disgustface Forward-3	0	MALE	test	TestImage	Emotient FACET	1120	1120			26	1120	1	204	197	305	305	-2.46382	0	-1.021738	0	-0.01169925	0	-0.640332	0	-1.498566	0	1.69183	0	-3.09581	0	-3.973832	0	-3.813706	0	-0.6030563	0	-2.46382	0	1.69183	0	-0.1063615	0.493099	-0.4554705	-0.08203072	-0.4016226	-0.208974	-1.802514	1.644974	-0.7392688	-1.596798	-1.488595	-1.209908	-1.415311	-1.281712	-1.266645	-2.220111	0.5267017	-0.8886965	-4.165708	-1.694516	-0.1197368	3.253723	-0.3371115	273.7813	282.0384	0	0	329.6521	288.2191	403.6143	284.6953	0	0	456.4084	279.1385	364.6268	361.6204	0	0						
AFDES	20160317	Medit F10disgustface Forward-3	0	MALE	test	TestImage	Emotient FACET	1160	1160			27	1160	1	203	196	308	308	-3.919178	0	-0.5450305	0	-2.629313	0	-2.383132	0	-2.958285	0	3.104508	0	-4.613026	0	-4.686265	0	-4.911955	0	-3.475362	0	-3.919178	0	3.104508	0	-0.9743176	-0.04402323	0.5760866	-0.5008613	0.3210687	0.602173	0.5809097	2.496164	-1.031591	-2.475124	-1.891648	-1.024979	-1.738028	-1.588055	-1.151213	-2.380507	1.015206	-1.132262	-5.585372	-1.190495	-0.8106698	3.361229	-0.4905717	272.4727	281.0571	0	0	328.6893	290.2267	406.4408	283.5544	0	0	456.2169	279.8551	366.4041	360.5759	0	0						
AFDES	20160317	Medit F10disgustface Forward-3	0	MALE	test	TestImage	Emotient FACET	1200	1200			28	1200	1	204	198	304	304	-4.799129	0	-0.5813062	0	-3.798972	0	-2.938345	0	-3.886828	0	3.639315	0	-5.730836	0	-5.731672	0	-5.942871	0	-4.954998	0	-4.799129	0	3.639315	0	-1.535087	-0.4411277	0.8771833	-0.6917953	0.4586275	0.7335817	1.366654	3.031308	-1.375421	-2.951341	-2.17036	-1.017281	-2.340924	-1.557353	-1.144451	-2.798107	1.409186	-1.222564	-6.493333	-1.003674	-1.202994	4.331565	0.1316269	273.9558	283.9407	0	0	328.926	288.8108	403.4293	283.5435	0	0	455.9382	281.7652	364.8749	361.6094	0	0						
AFDES	20160317	Medit F10disgustface Forward-3	0	MALE	test	TestImage	Emotient FACET	1240	1240			29	1240	1	204	198	303	303	-4.429729	0	-0.7109793	0	-4.520089	0	-3.329174	0	-4.05258	0	3.742688	0	-5.933183	0	-5.867661	0	-6.05086	0	-5.680558	0	-4.429729	0	3.742688	0	-1.800959	-0.7535907	1.025793	-1.02941	0.792567	1.044857	1.730835	3.021601	-1.21797	-2.796143	-2.126159	-0.8252288	-2.304418	-1.448983	-1.023496	-2.571	1.607392	-0.936259	-6.382274	-0.9853343	-1.085218	4.197717	0.1713206	274.0032	281.8501	0	0	329.1803	288.9123	403.4502	285.3721	0	0	457.3823	282.6821	363.2645	358.2778	0	0						
AFDES	20160317	Medit F10disgustface Forward-3	0	MALE	test	TestImage	Emotient FACET	1280	1280			30	1280	1	204	198	303	303	-4.450943	0	-0.9306919	0	-4.763311	0	-3.278455	0	-3.806226	0	3.842461	0	-5.753382	0	-5.614894	0	-5.850537	0	-5.447578	0	-4.450943	0	3.842461	0	-1.786172	-0.7974516	1.06946	-0.9931092	0.8169007	1.14258	2.005308	3.170588	-1.272203	-2.775934	-2.016742	-0.7821529	-2.503525	-1.282755	-0.9884526	-2.407186	1.379126	-1.198815	-6.111869	-1.146832	-1.564331	3.922363	0.1830286	273.6367	282.8612	0	0	329.0958	288.7166	403.4316	285.9503	0	0	456.9188	282.5712	362.9793	359.1173	0	0						
AFDES	20160317	Medit F10disgustface Forward-3	0	MALE	test	TestImage	Emotient FACET	1320	1320			31	1320	1	204	199	302	302	-4.430558	0	-0.9187222	0	-4.876925	0	-3.368568	0	-3.846623	0	3.89809	0	-5.734932	0	-5.61184	0	-5.844861	0	-5.534606	0	-4.430558	0	3.89809	0	-1.789102	-0.8170517	1.062669	-1.092255	0.8411252	1.220226	2.027579	3.181367	-1.253726	-2.768985	-1.997511	-0.7705863	-2.460678	-1.359909	-0.8901105	-2.366962	1.387069	-1.187367	-6.184411	-1.119001	-1.712554	4.012927	0.3394024	273.9189	283.8488	0	0	329.7214	288.6216	403.1423	286.164	0	0	457.3934	282.6977	363.0985	358.9025	0	0						
AFDES	20160317	Medit F10disgustface Forward-3	0	MALE	test	TestImage	Emotient FACET	1360	1360			32	1360	1	202	199	305	305	-4.329219	0	-1.041839	0	-4.952638	0	-3.330724	0	-3.63981	0	3.876907	0	-5.711577	0	-5.546177	0	-5.720615	0	-5.428235	0	-4.329219	0	3.876907	0	-1.756055	-0.8079407	1.061684	-0.9916698	0.8261815	1.122179	2.424921	3.241683	-1.204952	-2.736197	-1.950518	-0.6951708	-2.612451	-1.156959	-0.8523868	-2.2173	1.166729	-1.333152	-5.864199	-1.259136	-1.993828	3.465123	0.1773003	273.5336	283.7866	0	0	327.9475	289.2783	401.0714	287.7726	0	0	458.2094	283.845	363.7495	361.388	0	0						
AFDES	20160317	Medit F10disgustface Forward-3	0	MALE	test	TestImage	Emotient FACET	1400	1400			33	1400	1	200	200	307	307	-4.82482	0	-1.366596	0	-5.277871	0	-3.581365	0	-4.242401	0	4.226353	0	-6.177949	0	-6.411088	0	-6.576806	0	-6.018379	0	-4.82482	0	4.226353	0	-1.740819	-0.7646242	1.161476	-1.056352	0.8350928	1.08741	3.005732	3.472633	-1.408564	-3.060758	-1.901415	-0.646029	-3.068846	-1.400872	-0.9789789	-2.41732	1.216595	-1.619636	-6.347377	-1.345119	-2.014439	3.517428	0.5040817	272.4418	285.6158	0	0	326.1816	289.7804	399.9045	290.1755	0	0	458.4125	284.2211	363.0826	363.2317	0	0						
AFDES	20160317	Medit F10disgustface Forward-3	0	MALE	test	TestImage	Emotient FACET	1440	1440			34	1440	1	201	200	306	306	-4.859257	0	-1.353918	0	-5.360734	0	-3.683467	0	-4.210124	0	4.325021	0	-6.281797	0	-6.45156	0	-6.609854	0	-6.105642	0	-4.859257	0	4.325021	0	-1.809461	-0.791262	1.138962	-1.172359	0.8741943	1.147639	2.954996	3.525213	-1.391911	-3.116442	-1.995588	-0.6778084	-2.983189	-1.377572	-0.9432732	-2.47449	1.3168	-1.547776	-6.520045	-1.378173	-2.284282	3.409929	0.2935643	271.7117	286.1666	0	0	327.5376	289.3873	399.5695	290.5693	0	0	457.5444	284.6785	364.4619	363.2731	0	0						
AFDES	20160317	Medit F10disgustface Forward-3	0	MALE	test	TestImage	Emotient FACET	1480	1480			35	1480	1	201	201	306	306	-5.082518	0	-1.472208	0	-5.48981	0	-3.795718	0	-4.606906	0	4.52094	0	-6.645759	0	-7.066792	0	-7.155229	0	-6.668971	0	-5.082518	0	4.52094	0	-1.790932	-0.742566	1.175774	-1.162241	0.8529832	1.185155	3.076376	3.664822	-1.43202	-3.376273	-2.012935	-0.8226681	-3.295976	-1.533204	-0.8614347	-2.679911	1.468144	-1.684407	-7.001187	-1.284089	-2.247918	3.719589	0.7534048	271.717	288.1487	0	0	325.8483	291.0812	399.8492	290.8439	0	0	458.2308	285.0582	364.467	362.777	0	0						
AFDES	20160317	Medit F10disgustface Forward-3	0	MALE	test	TestImage	Emotient FACET	1520	1520			36	1520	1	202	201	306	306	-4.841766	0	-1.362908	0	-5.506173	0	-3.909172	0	-4.153902	0	4.418098	0	-6.205367	0	-6.677139	0	-6.790546	0	-6.479229	0	-4.841766	0	4.418098	0	-1.743846	-0.721867	1.177521	-1.290586	0.9988782	1.292628	3.155544	3.570681	-1.255137	-3.217422	-1.869655	-0.6234634	-2.909026	-1.613983	-0.7206855	-2.349837	1.227733	-1.671702	-6.753206	-1.200127	-2.212802	4.104877	0.5547676	272.2637	288.3541	0	0	326.1573	291.2893	399.7723	291.0924	0	0	458.0477	283.1285	364.8835	363.4998	0	0						
AFDES	20160317	Medit F10disgustface Forward-3	0	MALE	test	TestImage	Emotient FACET	1560	1560			37	1560	1	201	200	309	309	-4.783046	0	-1.529594	0	-5.577529	0	-4.051033	0	-4.30304	0	4.511818	0	-6.163648	0	-6.81693	0	-6.942476	0	-6.77138	0	-4.783046	0	4.511818	0	-1.742263	-0.7661987	1.271378	-1.332341	1.069883	1.393739	3.492225	3.595242	-1.258404	-3.197775	-1.659173	-0.4600737	-2.881527	-1.63688	-0.6124469	-2.217597	1.196355	-1.695161	-6.794358	-1.099784	-2.063218	4.235268	0.5072359	271.5624	288.2882	0	0	326.1078	291.6039	402.0454	288.6249	0	0	457.9292	284.5382	364.8373	364.7405	0	0						
AFDES	20160317	Medit F10disgustface Forward-3	0	MALE	test	TestImage	Emotient FACET	1600	1600			38	1600	1	202	201	306	306	-4.971182	0	-1.426312	0	-5.754009	0	-4.054236	0	-4.388711	0	4.568619	0	-6.318582	0	-6.876995	0	-6.988144	0	-6.82967	0	-4.971182	0	4.568619	0	-1.838509	-0.8099346	1.286387	-1.357923	1.079416	1.389689	3.326662	3.622989	-1.271837	-3.306508	-1.785691	-0.5473598	-2.979167	-1.517295	-0.6923556	-2.412278	1.309109	-1.622019	-6.880825	-1.227033	-1.718476	3.971738	0.5941337	271.7932	288.3737	0	0	326.9803	291.1439	400.9297	290.045	0	0	456.7553	285.0875	365.7347	364.7152	0	0						
AFDES	20160317	Medit F10disgustface Forward-3	0	MALE	test	TestImage	Emotient FACET	1640	1640			39	1640	1	200	200	310	310	-4.970557	0	-1.603855	0	-5.906603	0	-4.145375	0	-4.422537	0	4.612871	0	-6.239926	0	-6.752624	0	-6.897045	0	-6.996129	0	-4.970557	0	4.612871	0	-1.907302	-0.9882361	1.4057	-1.535899	1.147661	1.502882	3.698766	3.706046	-1.302715	-3.206187	-1.592282	-0.3432557	-2.927011	-1.427824	-0.6510423	-2.253505	1.256358	-1.666435	-6.674079	-1.166121	-1.382183	3.78577	0.4137914	271.2993	286.9133	0	0	326.5481	291.8732	403.0014	290.1229	0	0	458.228	284.9754	364.3889	364.709	0	0						
AFDES	20160317	Medit F10disgustface Forward-3	0	MALE	test	TestImage	Emotient FACET	1680	1680			40	1680	1	201	201	308	308	-4.95231	0	-1.460848	0	-5.977046	0	-4.17323	0	-4.300537	0	4.510445	0	-6.159702	0	-6.52524	0	-6.707489	0	-6.834878	0	-4.95231	0	4.510445	0	-1.92547	-0.9936947	1.447952	-1.558506	1.233945	1.553926	3.602034	3.619505	-1.245426	-3.175719	-1.734268	-0.4058005	-2.826198	-1.369242	-0.6410396	-2.246061	1.258633	-1.6277	-6.724837	-1.281806	-1.326853	4.132595	0.6301122	271.7649	287.5297	0	0	327.9082	291.7065	405.4375	290.751	0	0	456.301	285.4209	363.9913	365.717	0	0						
AFDES	20160317	Medit F10disgustface Forward-3	0	MALE	test	TestImage	Emotient FACET	1720	1720			41	1720	1	202	202	309	309	-4.844507	0	-1.693975	0	-6.178345	0	-4.350334	0	-4.557657	0	4.575471	0	-6.485136	0	-7.354017	0	-7.235241	0	-7.433444	0	-4.844507	0	4.575471	0	-1.918843	-0.9660363	1.394384	-1.56019	1.12879	1.521453	3.98073	3.675739	-1.234652	-3.227662	-1.585737	-0.2320353	-3.11353	-1.463371	-0.5024063	-2.120138	1.235297	-1.706562	-6.747993	-1.236221	-1.492761	4.479784	0.7480302	272.2486	290.8777	0	0	328.0164	293.1921	408.7936	290.6359	0	0	456.2404	286.4351	363.7891	366.4012	0	0						
AFDES	20160317	Medit F10disgustface Forward-3	0	MALE	test	TestImage	Emotient FACET	1760	1760			42	1760	1	201	202	310	310	-5.085701	0	-1.816031	0	-6.393792	0	-4.457282	0	-4.390635	0	4.625422	0	-6.130076	0	-7.324389	0	-7.112917	0	-7.479677	0	-5.085701	0	4.625422	0	-1.930917	-1.047545	1.39144	-1.693884	1.109066	1.550413	4.280525	3.642863	-1.229669	-3.129428	-1.131603	0.2519728	-2.659227	-1.468761	-0.3869243	-1.736596	0.8593428	-1.880461	-6.418994	-1.200912	-1.517376	4.289701	0.9569836	271.8505	291.4486	0	0	328.5348	292.9628	404.1449	293.211	0	0	459.7425	286.3243	365.4124	367.0121	0	0						
AFDES	20160317	Medit F10disgustface Forward-3	0	MALE	test	TestImage	Emotient FACET	1800	1800			43	1800	1	204	205	305	305	-5.388137	0	-2.218076	0	-7.074149	0	-4.804449	0	-4.899744	0	5.090721	0	-6.832418	0	-8.208501	0	-7.963056	0	-8.074072	0	-5.388137	0	5.090721	0	-1.972954	-1.010663	1.249937	-2.078507	1.048471	1.399794	4.333297	3.770381	-1.201641	-3.409689	-1.382386	0.1535843	-3.181612	-1.40063	-0.4530928	-1.997102	1.116431	-1.797655	-6.589419	-0.8461818	-1.025334	3.890923	1.095246	272.4651	292.2612	0	0	329.0172	293.8384	398.9061	295.5573	0	0	458.2786	287.5869	367.0277	367.9079	0	0						
AFDES	20160317	Medit F10disgustface Forward-3	0	MALE	test	TestImage	Emotient FACET	1840	1840			44	1840	1	207	210	298	298	-5.263384	0	-2.862864	0	-8.026438	0	-5.460355	0	-5.080407	0	5.429022	0	-7.153505	0	-8.859642	0	-8.556862	0	-8.200449	0	-5.263384	0	5.429022	0	-1.833991	-1.029201	1.047585	-3.071502	0.9796122	1.054957	4.31994	3.777405	-1.070845	-3.52684	-1.35372	0.09342843	-3.705011	-1.178247	-0.3216417	-2.145876	1.300519	-1.721763	-6.646528	-0.2026076	-0.5270588	2.617745	1.185625	274.3751	295.2648	0	0	328.6086	297.6267	399.233	297.6996	0	0	457.024	290.4887	366.2071	365.7576	0	0						
AFDES	20160317	Medit F10disgustface Forward-3	0	MALE	test	TestImage	Emotient FACET	1880	1880			45	1880	1	209	210	296	296	-5.227509	0	-2.933967	0	-8.231644	0	-5.540933	0	-5.175873	0	5.406986	0	-7.008513	0	-8.828149	0	-8.580055	0	-8.151307	0	-5.227509	0	5.406986	0	-1.76438	-1.044995	0.9554574	-3.53816	0.8793321	0.8556154	4.066521	3.765362	-1.042597	-3.587415	-1.44697	-0.1610567	-3.96133	-1.25245	-0.307144	-2.35367	1.47402	-1.664867	-6.988035	-0.2026549	-0.7605261	2.509849	0.8643789	275.8795	296.0424	0	0	330.9216	297.2103	397.6779	296.128	0	0	458.1981	291.1363	365.2991	365.3891	0	0						
AFDES	20160317	Medit F10disgustface Forward-3	0	MALE	test	TestImage	Emotient FACET	1920	1920			46	1920	1	209	210	297	297	-4.996331	0	-3.055549	0	-8.216961	0	-5.553717	0	-4.876982	0	5.322695	0	-6.807033	0	-8.762727	0	-8.447699	0	-7.992629	0	-4.996331	0	5.322695	0	-1.720908	-1.050932	0.9129316	-3.563674	0.9331673	0.9666303	4.201727	3.570471	-0.9380518	-3.408498	-1.237075	0.08962284	-3.743894	-1.302796	-0.2029519	-2.045137	1.151793	-1.730139	-6.389248	-0.2039254	-0.5782399	2.434021	0.9764463	275.0833	296.291	0	0	329.9247	297.2815	399.209	297.3199	0	0	457.9755	289.9482	366.7045	365.3701	0	0						
AFDES	20160317	Medit F10disgustface Forward-3	0	MALE	test	TestImage	Emotient FACET	1960	1960			47	1960	1	208	209	298	298	-4.903859	0	-3.020394	0	-8.13058	0	-5.47424	0	-4.85394	0	5.274734	0	-6.79779	0	-8.78075	0	-8.444609	0	-8.035948	0	-4.903859	0	5.274734	0	-1.694973	-1.0124	0.9446901	-3.443557	0.9667817	1.04257	4.218048	3.581214	-0.8875699	-3.352025	-1.118076	0.1911331	-3.624583	-1.242753	-0.139964	-1.940986	1.122521	-1.671792	-6.267231	-0.1448653	-0.8733071	2.898646	0.8935805	276.0562	295.5283	0	0	328.3117	297.6488	399.1196	295.6859	0	0	458.9222	290.2921	366.7488	365.0503	0	0						
AFDES	20160317	Medit F10disgustface Forward-3	0	MALE	test	TestImage	Emotient FACET	2000	2000			48	2000	1	206	208	301	301	-5.17657	0	-2.904285	0	-7.724554	0	-5.17802	0	-4.698267	0	5.341364	0	-6.653046	0	-8.509651	0	-8.281002	0	-7.797338	0	-5.17657	0	5.341364	0	-1.736515	-0.9485785	0.9720639	-3.005905	0.9366242	1.013903	4.216023	3.650249	-0.9893261	-3.330601	-1.018442	0.4310896	-3.112116	-1.268611	-0.3004597	-1.821659	0.8031092	-1.871527	-6.112155	-0.210273	-1.586482	2.682133	1.105733	273.3152	293.6805	0	0	327.0882	296.9224	397.8514	297.0509	0	0	457.6896	288.6862	367.8246	366.0891	0	0						
AFDES	20160317	Medit F10disgustface Forward-3	0	MALE	test	TestImage	Emotient FACET	2040	2040			49	2040	1	206	206	302	302	-5.141381	0	-2.784207	0	-7.605357	0	-5.212429	0	-4.836544	0	5.301254	0	-6.833826	0	-8.573674	0	-8.330317	0	-8.021166	0	-5.141381	0	5.301254	0	-1.773443	-0.924152	1.083731	-2.78912	1.040621	1.275159	4.354004	3.688299	-1.000802	-3.373415	-1.194861	0.2672215	-3.217153	-1.308279	-0.3469761	-1.89132	1.010396	-1.770257	-6.31413	-0.3492708	-1.187471	3.177815	1.173211	272.8161	293.3645	0	0	329.5695	295.552	399.3857	294.4221	0	0	458.2628	287.0425	367.0106	364.4404	0	0						
AFDES	20160317	Medit F10disgustface Forward-3	0	MALE	test	TestImage	Emotient FACET	2080	2080			50	2080	1	206	204	302	302	-4.920169	0	-2.644837	0	-6.983881	0	-4.806341	0	-4.713844	0	5.1337	0	-6.708742	0	-8.469595	0	-8.201941	0	-7.760265	0	-4.920169	0	5.1337	0	-1.725006	-0.8785241	0.9554597	-2.433708	0.9792504	1.249483	4.098897	3.647807	-1.008666	-3.293848	-1.276402	0.115038	-3.336233	-1.365985	-0.3718063	-2.028096	1.195136	-1.711224	-6.315361	-0.805326	-1.085744	3.403229	1.082406	273.0942	292.0805	0	0	329.4039	294.2983	397.1773	292.0522	0	0	458.36	284.6951	366.1006	364.3205	0	0						
AFDES	20160317	Medit F10disgustface Forward-3	0	MALE	test	TestImage	Emotient FACET	2120	2120			51	2120	1	206	202	304	304	-4.783251	0	-2.33974	0	-6.894529	0	-4.842359	0	-4.494687	0	4.830553	0	-6.638541	0	-8.056383	0	-7.756035	0	-7.547776	0	-4.783251	0	4.830553	0	-1.799491	-0.9110687	1.020252	-2.149339	0.9916331	1.377898	4.105075	3.561052	-1.054632	-3.188155	-1.286423	0.1061875	-3.0787	-1.4389	-0.3480844	-1.8565	1.138016	-1.616137	-6.318513	-1.091269	-0.613756	3.478806	0.6445984	274.9785	289.0509	0	0	329.4587	292.4357	400.4846	291.299	0	0	459.6402	283.4732	367.8445	364.3301	0	0						
AFDES	20160317	Medit F10disgustface Forward-3	0	MALE	test	TestImage	Emotient FACET	2160	2160			52	2160	1	206	201	305	305	-4.599105	0	-2.278781	0	-6.64719	0	-4.642504	0	-4.537292	0	4.751673	0	-6.672028	0	-8.033445	0	-7.797478	0	-7.540024	0	-4.599105	0	4.751673	0	-1.798843	-0.884634	1.037424	-1.958559	1.026442	1.438245	3.999881	3.558677	-1.050929	-3.172167	-1.402658	-0.05519409	-3.2619	-1.466566	-0.3740036	-1.941243	1.221484	-1.616498	-6.444378	-1.117696	-0.639044	3.739247	0.6397105	274.5081	287.7664	0	0	330.2118	290.9474	401.5755	290.002	0	0	459.2107	281.8278	369.3017	363.3526	0	0						
AFDES	20160317	Medit F10disgustface Forward-3	0	MALE	test	TestImage	Emotient FACET	2200	2200			53	2200	1	204	199	307	307	-4.618599	0	-2.170309	0	-6.693992	0	-4.615839	0	-4.300138	0	4.762551	0	-6.453488	0	-7.668715	0	-7.457831	0	-7.498676	0	-4.618599	0	4.762551	0	-1.889178	-0.9778444	1.153644	-1.809195	1.127368	1.537423	4.203304	3.506341	-0.9902089	-3.095016	-1.094863	0.2554048	-2.893314	-1.349098	-0.4154341	-1.73937	0.9082654	-1.782796	-6.097971	-1.244795	-0.5531819	3.94695	0.5199579	273.1672	286.7061	0	0	330.2256	289.0243	402.5283	290.8464	0	0	459.6654	281.6601	368.8587	362.8886	0	0						
AFDES	20160317	Medit F10disgustface Forward-3	0	MALE	test	TestImage	Emotient FACET	2240	2240			54	2240	1	206	200	304	304	-4.599799	0	-2.249021	0	-6.606852	0	-4.54179	0	-4.644851	0	4.77809	0	-6.83086	0	-8.187012	0	-7.926249	0	-7.705963	0	-4.599799	0	4.77809	0	-1.853798	-0.9071872	1.035594	-1.807279	1.015776	1.40369	4.029666	3.5792	-1.058463	-3.233363	-1.308017	-0.03232012	-3.47083	-1.360639	-0.4232801	-2.06805	1.277899	-1.607111	-6.433561	-1.234632	-0.7561463	3.751202	0.7613683	274.6206	286.9797	0	0	330.4123	289.9232	402.5557	289.4841	0	0	459.0598	281.3419	368.7023	362.3935	0	0						
AFDES	20160317	Medit F10disgustface Forward-3	0	MALE	test	TestImage	Emotient FACET	2280	2280			55	2280	1	206	200	305	305	-4.684399	0	-2.165013	0	-6.556668	0	-4.525221	0	-4.495339	0	4.781853	0	-6.736554	0	-8.022112	0	-7.742467	0	-7.510511	0	-4.684399	0	4.781853	0	-1.880503	-0.92517	1.053477	-1.75906	1.030421	1.375794	4.112038	3.571006	-1.058389	-3.171154	-1.244756	0.1108129	-3.261738	-1.358422	-0.4470317	-1.944852	1.086056	-1.717114	-6.297504	-1.304259	-0.8242234	4.080521	0.710707	274.3783	286.5153	0	0	330.1753	289.6409	402.25	290.1719	0	0	458.8843	281.2365	368.8749	362.9886	0	0						
AFDES	20160317	Medit F10disgustface Forward-3	0	MALE	test	TestImage	Emotient FACET	2320	2320			56	2320	1	204	198	307	307	-4.421645	0	-2.083173	0	-6.404428	0	-4.548245	0	-4.362936	0	4.695466	0	-6.585219	0	-7.553863	0	-7.367355	0	-7.551639	0	-4.421645	0	4.695466	0	-1.913026	-0.966777	1.196743	-1.711439	1.194302	1.647526	4.214481	3.474993	-0.9622248	-2.996977	-1.366507	0.09695127	-2.899552	-1.410892	-0.3781625	-1.811958	1.119833	-1.593836	-6.211465	-1.229492	-1.163232	4.561128	0.547434	273.2817	285.5845	0	0	329.8121	287.4136	404.0177	286.9318	0	0	458.7407	281.198	367.8721	361.671	0	0						
AFDES	20160317	Medit F10disgustface Forward-3	0	MALE	test	TestImage	Emotient FACET	2360	2360			57	2360	1	205	199	306	306	-4.374053	0	-2.103732	0	-6.396633	0	-4.448033	0	-4.297662	0	4.65621	0	-6.530209	0	-7.639921	0	-7.375487	0	-7.43762	0	-4.374053	0	4.65621	0	-1.866359	-0.9262025	1.101179	-1.676796	1.16081	1.553023	4.136061	3.418211	-0.9156994	-3.00036	-1.267424	0.1185915	-2.991454	-1.435645	-0.3827787	-1.784847	1.016139	-1.679706	-6.1293	-1.224122	-1.364534	4.228059	0.5824769	274.2534	286.6137	0	0	329.1553	286.8493	401.6854	288.4616	0	0	459.1379	281.0127	368.8023	362.8942	0	0						
AFDES	20160317	Medit F10disgustface Forward-3	0	MALE	test	TestImage	Emotient FACET	2400	2400			58	2400	1	205	199	306	306	-4.539905	0	-2.063991	0	-6.457305	0	-4.547016	0	-4.37207	0	4.688326	0	-6.704739	0	-7.734356	0	-7.422974	0	-7.471816	0	-4.539905	0	4.688326	0	-1.933859	-0.9657601	1.067797	-1.706813	1.097556	1.469114	4.152179	3.514817	-0.9881568	-2.993253	-1.335015	0.1364045	-3.050202	-1.442224	-0.4162711	-1.832214	1.012635	-1.662185	-6.16966	-1.277203	-1.097726	4.733171	0.6310806	274.6686	286.0269	0	0	329.6785	287.2983	402.675	289.7804	0	0	458.64	280.8363	367.8611	363.1526	0	0						
AFDES	20160317	Medit F10disgustface Forward-3	0	MALE	test	TestImage	Emotient FACET	2440	2440			59	2440	1	204	199	307	307	-4.501482	0	-2.023964	0	-6.415132	0	-4.475366	0	-4.204741	0	4.669017	0	-6.450389	0	-7.506688	0	-7.214541	0	-7.37477	0	-4.501482	0	4.669017	0	-1.915059	-0.9493029	1.104714	-1.647815	1.139835	1.496171	4.16506	3.449761	-0.9295152	-2.934076	-1.13162	0.264121	-2.811118	-1.406053	-0.3989663	-1.668345	0.8430289	-1.755235	-5.951519	-1.261797	-1.030075	4.766855	0.6622948	273.8077	286.3829	0	0	329.8564	287.493	402.8502	289.5509	0	0	458.9047	281.0714	367.9859	363.1731	0	0						
AFDES	20160317	Medit F10disgustface Forward-3	0	MALE	test	TestImage	Emotient FACET	2480	2480			60	2480	1	206	201	303	303	-4.463322	0	-2.081572	0	-6.289719	0	-4.250181	0	-4.407498	0	4.656748	0	-6.705814	0	-8.067567	0	-7.709204	0	-7.382786	0	-4.463322	0	4.656748	0	-1.839158	-0.8289618	0.967812	-1.617603	0.9807374	1.218905	3.86426	3.578984	-0.9485896	-3.060997	-1.254722	0.07542135	-3.35757	-1.320561	-0.4422523	-1.965382	1.058756	-1.729175	-6.117617	-1.258497	-1.202023	4.765141	0.7494065	274.5071	287.0763	0	0	330.2311	291.7063	402.6538	288.4832	0	0	458.1959	282.3846	367.5737	361.936	0	0						
AFDES	20160317	Medit F10disgustface Forward-3	0	MALE	test	TestImage	Emotient FACET	2520	2520			61	2520	1	206	200	305	305	-4.301767	0	-2.025884	0	-6.169486	0	-4.254648	0	-4.117412	0	4.553482	0	-6.446174	0	-7.668303	0	-7.304648	0	-7.045557	0	-4.301767	0	4.553482	0	-1.793643	-0.8273218	0.9342726	-1.583104	1.002883	1.251097	3.866114	3.42773	-0.8848861	-2.893161	-1.150614	0.1649324	-2.908357	-1.368678	-0.4376112	-1.744254	0.8414109	-1.760387	-5.922217	-1.257259	-0.9043702	4.770221	0.7270916	274.548	286.1679	0	0	330.5823	291.3364	402.1792	289.7454	0	0	459.4135	281.2609	368.7217	363.3702	0	0						
AFDES	20160317	Medit F10disgustface Forward-3	0	MALE	test	TestImage	Emotient FACET	2560	2560			62	2560	1	206	201	304	304	-4.400915	0	-2.113127	0	-6.167235	0	-4.223968	0	-4.224116	0	4.604656	0	-6.56196	0	-7.888387	0	-7.520692	0	-7.083743	0	-4.400915	0	4.604656	0	-1.761531	-0.7890537	0.8970451	-1.57994	0.9323983	1.165993	3.782501	3.529895	-0.9406163	-2.986516	-1.239569	0.04340174	-3.116902	-1.363276	-0.5182732	-1.889534	0.9444692	-1.801163	-6.078046	-1.249706	-0.8176077	4.857293	0.7401551	274.7544	286.3779	0	0	330.9952	291.9659	402.0511	290.108	0	0	458.9713	281.1807	368.5176	363.1644	0	0						
AFDES	20160317	Medit F10disgustface Forward-3	0	MALE	test	TestImage	Emotient FACET	2600	2600			63	2600	1	205	199	306	306	-4.161638	0	-1.912545	0	-6.210837	0	-4.340034	0	-3.92822	0	4.482779	0	-6.287659	0	-7.281158	0	-6.90413	0	-6.942768	0	-4.161638	0	4.482779	0	-1.885226	-0.9274831	0.9421003	-1.62691	1.086869	1.373525	3.869341	3.318059	-0.7882415	-2.734643	-1.117808	0.2570676	-2.629086	-1.348557	-0.3524283	-1.566065	0.7387189	-1.710167	-5.702713	-1.320968	-0.6527168	4.694698	0.4983526	274.3498	285.2138	0	0	330.6266	288.1446	403.1052	290.1471	0	0	458.833	281.4006	368.7955	363.8339	0	0						
AFDES	20160317	Medit F10disgustface Forward-3	0	MALE	test	TestImage	Emotient FACET	2640	2640			64	2640	1	205	199	306	306	-4.123236	0	-1.927007	0	-6.136631	0	-4.305668	0	-3.912207	0	4.467235	0	-6.295135	0	-7.308074	0	-6.945445	0	-6.92142	0	-4.123236	0	4.467235	0	-1.882226	-0.9133114	0.9436334	-1.603319	1.091962	1.368771	3.863488	3.323077	-0.7922975	-2.744811	-1.146466	0.2372832	-2.680266	-1.369839	-0.3659309	-1.58936	0.7668711	-1.699505	-5.693866	-1.321075	-0.4751781	4.692556	0.4854373	274.5361	285.634	0	0	330.5814	288.4378	402.6571	290.5454	0	0	459.1974	281.2976	368.5045	363.7692	0	0						
AFDES	20160317	Medit F10disgustface Forward-3	0	MALE	test	TestImage	Emotient FACET	2680	2680			65	2680	1	206	201	304	304	-3.911805	0	-1.92282	0	-6.050957	0	-4.185363	0	-3.9232	0	4.373277	0	-6.323877	0	-7.386067	0	-7.025834	0	-6.846718	0	-3.911805	0	4.373277	0	-1.812342	-0.8318692	0.8929051	-1.599375	1.056041	1.289209	3.670312	3.270999	-0.7351428	-2.739712	-1.294444	0.09132434	-2.88736	-1.328971	-0.3240921	-1.64866	0.8841488	-1.637551	-5.698108	-1.254558	-0.6346943	4.83678	0.5841211	275.3151	286.6323	0	0	330.5438	291.9919	403.3428	289.4628	0	0	459.7307	281.9808	367.1984	362.3042	0	0						
AFDES	20160317	Medit F10disgustface Forward-3	0	MALE	test	TestImage	Emotient FACET	2720	2720			66	2720	1	206	201	305	305	-3.913531	0	-1.852512	0	-6.078592	0	-4.203469	0	-3.827752	0	4.337732	0	-6.244977	0	-7.175385	0	-6.831003	0	-6.755122	0	-3.913531	0	4.337732	0	-1.842995	-0.8755964	0.935722	-1.600997	1.123728	1.339537	3.716416	3.232166	-0.7218869	-2.665489	-1.243235	0.1383076	-2.775783	-1.308991	-0.3111025	-1.564798	0.7915433	-1.65844	-5.603178	-1.296395	-0.4783465	4.924881	0.5851265	275.4413	285.8024	0	0	330.6719	290.2677	402.5079	291.4603	0	0	459.2046	281.7876	369.1625	364.479	0	0						
AFDES	20160317	Medit F10disgustface Forward-3	0	MALE	test	TestImage	Emotient FACET	2760	2760			67	2760	1	206	200	306	306	-3.75391	0	-1.749434	0	-5.985663	0	-4.163313	0	-3.642183	0	4.199094	0	-6.114765	0	-6.847968	0	-6.486407	0	-6.525542	0	-3.75391	0	4.199094	0	-1.850246	-0.9054517	0.934884	-1.523537	1.164254	1.366561	3.681034	3.145169	-0.6605954	-2.524318	-1.226265	0.153935	-2.574344	-1.287015	-0.3137972	-1.42808	0.6498392	-1.680062	-5.436909	-1.380155	-0.2943416	4.423338	0.5044358	275.6351	286.067	0	0	330.9478	292.1679	406.5657	290.6281	0	0	459.9446	282.3459	367.0833	363.0616	0	0						
AFDES	20160317	Medit F10disgustface Forward-3	0	MALE	test	TestImage	Emotient FACET	2800	2800			68	2800	1	206	201	305	305	-3.677551	0	-1.777622	0	-5.987588	0	-4.156097	0	-3.668605	0	4.182545	0	-6.184248	0	-6.924047	0	-6.558555	0	-6.603864	0	-3.677551	0	4.182545	0	-1.851959	-0.8967187	0.9258078	-1.484814	1.161005	1.386532	3.649088	3.148243	-0.6447468	-2.54795	-1.318408	0.08061168	-2.656224	-1.287629	-0.3375345	-1.475833	0.7404536	-1.653826	-5.503492	-1.363844	-0.08553065	4.314474	0.506977	275.872	286.006	0	0	331.5374	292.9152	407.7294	289.5581	0	0	459.4935	282.3903	366.504	362.9227	0	0						
AFDES	20160317	Medit F10disgustface Forward-3	0	MALE	test	TestImage	Emotient FACET	2840	2840			69	2840	1	204	200	307	307	-3.772072	0	-1.785241	0	-5.950959	0	-4.107744	0	-3.663707	0	4.219872	0	-6.021057	0	-6.88391	0	-6.552193	0	-6.632364	0	-3.772072	0	4.219872	0	-1.804269	-0.8650901	1.005506	-1.504492	1.152796	1.415618	3.701193	3.130984	-0.641699	-2.542474	-1.160487	0.1504316	-2.435661	-1.244227	-0.3117329	-1.402871	0.6720311	-1.692377	-5.433478	-1.330439	-0.1990547	4.636504	0.6194407	274.0965	285.1852	0	0	330.9668	290.7315	403.465	289.9193	0	0	459.7939	282.4196	368.8423	364.0577	0	0						
AFDES	20160317	Medit F10disgustface Forward-3	0	MALE	test	TestImage	Emotient FACET	2880	2880			70	2880	1	204	199	308	308	-3.874802	0	-1.732274	0	-6.018789	0	-4.194895	0	-3.713948	0	4.281507	0	-6.063817	0	-6.872985	0	-6.504393	0	-6.731405	0	-3.874802	0	4.281507	0	-1.852288	-0.924915	1.034472	-1.537705	1.173738	1.433542	3.772115	3.195061	-0.6754584	-2.556987	-1.1744	0.1777663	-2.388754	-1.279531	-0.3170806	-1.427662	0.6945663	-1.667891	-5.517794	-1.32094	-0.3804062	4.584595	0.5686572	273.5511	284.6567	0	0	330.6378	289.3046	403.8179	290.3267	0	0	458.6985	282.1239	368.9805	364.3965	0	0						
AFDES	20160317	Medit F10disgustface Forward-3	0	MALE	test	TestImage	Emotient FACET	2920	2920			71	2920	1	208	202	301	301	-3.517104	0	-1.770844	0	-5.779663	0	-3.976802	0	-3.979824	0	4.086802	0	-6.490996	0	-7.379203	0	-6.960079	0	-6.731385	0	-3.517104	0	4.086802	0	-1.736953	-0.7339505	0.8733144	-1.44823	1.041151	1.227897	3.297804	3.239997	-0.5945358	-2.606571	-1.575878	-0.1304934	-3.149264	-1.256308	-0.4366281	-1.718194	0.9959224	-1.543198	-5.623356	-1.291522	-0.4537396	4.837757	0.535404	276.011	286.4244	0	0	330.8692	292.7376	401.9989	289.7206	0	0	458.1895	281.7296	367.1564	362.4505	0	0						
AFDES	20160317	Medit F10disgustface Forward-3	0	MALE	test	TestImage	Emotient FACET	2960	2960			72	2960	1	205	199	306	306	-3.744933	0	-1.875573	0	-5.979957	0	-4.23611	0	-3.806166	0	4.24974	0	-6.318343	0	-7.154612	0	-6.75763	0	-6.804529	0	-3.744933	0	4.24974	0	-1.838551	-0.8862262	0.9490128	-1.50745	1.139792	1.410083	3.758659	3.183369	-0.6630679	-2.60266	-1.339971	0.07603792	-2.704136	-1.303314	-0.362466	-1.556444	0.8630139	-1.559897	-5.604764	-1.396574	-0.07035154	4.873753	0.533336	274.8215	285.2333	0	0	330.2448	288.6512	403.6764	289.1927	0	0	459.0809	281.8258	368.2311	363.55	0	0						
AFDES	20160317	Medit F10disgustface Forward-3	0	MALE	test	TestImage	Emotient FACET	3000	3000			73	3000	1	205	199	306	306	-3.703698	0	-1.891116	0	-5.96117	0	-4.134375	0	-3.840508	0	4.236897	0	-6.297064	0	-7.236146	0	-6.879941	0	-6.784793	0	-3.703698	0	4.236897	0	-1.790963	-0.8352659	0.9414563	-1.435928	1.108852	1.330149	3.658994	3.176306	-0.6575019	-2.658441	-1.330393	-0.005890315	-2.869809	-1.298971	-0.3812061	-1.636923	0.8760698	-1.63279	-5.647612	-1.366977	-0.3832748	5.112817	0.6850047	274.5272	285.0941	0	0	330.3785	290.7138	403.0182	288.6554	0	0	459.0066	281.1096	368.1058	362.9327	0	0						
AFDES	20160317	Medit F10disgustface Forward-3	0	MALE	test	TestImage	Emotient FACET	3040	3040			74	3040	1	204	199	307	307	-3.834282	0	-1.877577	0	-5.969516	0	-4.211287	0	-3.804104	0	4.312037	0	-6.242545	0	-7.144128	0	-6.792215	0	-6.820786	0	-3.834282	0	4.312037	0	-1.814563	-0.8705998	0.9772498	-1.469908	1.127879	1.408398	3.77118	3.228096	-0.6987678	-2.642946	-1.261012	0.09143786	-2.652043	-1.342825	-0.3948942	-1.574725	0.8317857	-1.638623	-5.645204	-1.35907	-0.6460392	5.063434	0.7242919	273.8646	284.7703	0	0	330.265	289.2822	403.1479	288.8436	0	0	458.7073	280.6664	367.6517	362.97	0	0						
AFDES	20160317	Medit F10disgustface Forward-3	0	MALE	test	TestImage	Emotient FACET	3080	3080			75	3080	1	204	199	307	307	-3.803421	0	-1.87585	0	-5.994891	0	-4.180181	0	-3.763666	0	4.29082	0	-6.194852	0	-7.057671	0	-6.721344	0	-6.73221	0	-3.803421	0	4.29082	0	-1.795483	-0.8561849	0.9603444	-1.447921	1.118361	1.360569	3.745592	3.169197	-0.6721088	-2.635182	-1.238745	0.07774711	-2.639216	-1.3667	-0.3918426	-1.542724	0.7503101	-1.699736	-5.60401	-1.380988	-0.6071647	5.180707	0.7109934	274.0398	285.3375	0	0	329.5753	289.5587	403.0973	288.4872	0	0	458.8023	280.67	367.711	363.365	0	0						
AFDES	20160317	Medit F10disgustface Forward-3	0	MALE	test	TestImage	Emotient FACET	3120	3120			76	3120	1	204	198	307	307	-3.744685	0	-1.901706	0	-5.978357	0	-4.212469	0	-3.767407	0	4.291586	0	-6.149461	0	-6.974257	0	-6.699477	0	-6.754214	0	-3.744685	0	4.291586	0	-1.79881	-0.881811	1.014301	-1.455277	1.159638	1.437738	3.792871	3.163713	-0.6627403	-2.639895	-1.3142	0.02338286	-2.593903	-1.390076	-0.3951179	-1.549513	0.8205122	-1.66661	-5.687667	-1.363073	-0.851517	5.194133	0.7291003	273.9218	285.3843	0	0	328.9843	288.4878	403.2321	287.6803	0	0	458.6873	280.6249	367.8012	363.1786	0	0						
AFDES	20160317	Medit F10disgustface Forward-3	0	MALE	test	TestImage	Emotient FACET	3160	3160			77	3160	1	205	200	305	305	-3.589329	0	-1.920222	0	-5.741829	0	-3.967769	0	-3.871427	0	4.202332	0	-6.229636	0	-7.224851	0	-6.906396	0	-6.691827	0	-3.589329	0	4.202332	0	-1.664873	-0.7163689	0.9253513	-1.436216	1.112276	1.31582	3.544551	3.194633	-0.6185182	-2.649831	-1.44607	-0.103264	-2.956777	-1.349264	-0.3915572	-1.679068	0.9710106	-1.558786	-5.693244	-1.238024	-1.551958	5.108305	0.8917857	274.1873	287.0825	0	0	327.9767	289.884	401.9358	288.3234	0	0	457.9271	280.6583	367.1708	362.4188	0	0						
AFDES	20160317	Medit F10disgustface Forward-3	0	MALE	test	TestImage	Emotient FACET	3200	3200			78	3200	1	205	200	305	305	-3.628172	0	-1.920139	0	-5.721807	0	-3.938112	0	-3.829006	0	4.206157	0	-6.190453	0	-7.197547	0	-6.882745	0	-6.658648	0	-3.628172	0	4.206157	0	-1.654882	-0.7136593	0.9150031	-1.411656	1.082907	1.278948	3.543482	3.198184	-0.628188	-2.637832	-1.394868	-0.08916544	-2.908382	-1.360458	-0.4158848	-1.685935	0.9436101	-1.58974	-5.674152	-1.236809	-1.493645	5.171487	0.9708483	274.2368	287.0338	0	0	327.8227	290.1448	401.8004	288.5945	0	0	457.9789	280.4785	367.0233	362.7049	0	0						
AFDES	20160317	Medit F10disgustface Forward-3	0	MALE	test	TestImage	Emotient FACET	3240	3240			79	3240	1	204	198	308	308	-3.527115	0	-1.784312	0	-5.846059	0	-4.150454	0	-3.591112	0	4.143869	0	-5.948413	0	-6.681883	0	-6.404398	0	-6.479805	0	-3.527115	0	4.143869	0	-1.770385	-0.8717785	0.9935124	-1.385889	1.172708	1.455548	3.664699	3.008243	-0.606312	-2.513814	-1.239493	0.02110212	-2.395424	-1.380947	-0.3017496	-1.407239	0.6757069	-1.662525	-5.506315	-1.303162	-0.8739109	5.210438	0.7867104	273.6339	285.0615	0	0	329.4771	289.6812	404.2661	287.4698	0	0	458.6116	280.582	368.2085	363.6248	0	0						
AFDES	20160317	Medit F10disgustface Forward-3	0	MALE	test	TestImage	Emotient FACET	3280	3280			80	3280	1	204	198	308	308	-3.709618	0	-1.856003	0	-5.855495	0	-4.126046	0	-3.689653	0	4.240929	0	-6.090781	0	-6.906016	0	-6.60049	0	-6.58971	0	-3.709618	0	4.240929	0	-1.770172	-0.8556685	0.9761051	-1.402426	1.122261	1.38859	3.71981	3.120174	-0.6567115	-2.58192	-1.261245	0.0548196	-2.51625	-1.383216	-0.384807	-1.49187	0.7243456	-1.686291	-5.585936	-1.355656	-0.7497135	5.264471	0.772233	273.6261	285.1354	0	0	329.5328	289.4319	403.2656	287.8392	0	0	458.6996	280.4447	367.8619	363.4238	0	0						
AFDES	20160317	Medit F10disgustface Forward-3	0	MALE	test	TestImage	Emotient FACET	3320	3320			81	3320	1	203	198	308	308	-3.825067	0	-1.84841	0	-5.957226	0	-4.189095	0	-3.704422	0	4.334193	0	-6.043435	0	-6.870117	0	-6.612669	0	-6.656128	0	-3.825067	0	4.334193	0	-1.798136	-0.8819667	1.010013	-1.437943	1.149355	1.40431	3.786413	3.159247	-0.6950411	-2.605593	-1.158004	0.1358037	-2.390604	-1.362048	-0.3639974	-1.456367	0.6671479	-1.717536	-5.568382	-1.323437	-0.75014	5.491279	0.6246885	273.7188	285.1194	0	0	328.5445	289.0442	403.5848	287.5722	0	0	458.8795	280.5103	367.9949	363.1155	0	0						
AFDES	20160317	Medit F10disgustface Forward-3	0	MALE	test	TestImage	Emotient FACET	3360	3360			82	3360	1	204	198	307	307	-3.877341	0	-1.856867	0	-5.983551	0	-4.19902	0	-3.810168	0	4.346263	0	-6.176085	0	-7.024267	0	-6.748092	0	-6.75929	0	-3.877341	0	4.346263	0	-1.81678	-0.8907015	1.025073	-1.435603	1.122662	1.405722	3.792535	3.230684	-0.7302769	-2.643007	-1.229137	0.08984843	-2.584639	-1.360688	-0.3725294	-1.541743	0.7624056	-1.692631	-5.685534	-1.327757	-0.7643024	5.446793	0.6600127	273.925	284.7475	0	0	330.0187	288.9247	403.6821	287.4827	0	0	459.0432	280.7376	367.9278	362.9524	0	0						
AFDES	20160317	Medit F10disgustface Forward-3	0	MALE	test	TestImage	Emotient FACET	3400	3400			83	3400	1	205	199	306	306	-3.766351	0	-1.823229	0	-5.958627	0	-4.222676	0	-3.792956	0	4.25498	0	-6.275751	0	-7.086175	0	-6.736821	0	-6.750703	0	-3.766351	0	4.25498	0	-1.834243	-0.8714685	0.9757304	-1.443837	1.115643	1.381732	3.752232	3.21853	-0.6791051	-2.573167	-1.294258	0.08366417	-2.66539	-1.345005	-0.359538	-1.538728	0.7825537	-1.645364	-5.609782	-1.379814	-0.5455929	5.301577	0.5118877	274.3615	284.4477	0	0	330.3075	288.7634	403.5177	288.6903	0	0	458.5911	280.4623	368.3618	363.0448	0	0						
AFDES	20160317	Medit F10disgustface Forward-3	0	MALE	test	TestImage	Emotient FACET	3440	3440			84	3440	1	205	198	307	307	-3.811854	0	-1.820422	0	-6.013455	0	-4.240353	0	-3.838859	0	4.263146	0	-6.270161	0	-7.048825	0	-6.720217	0	-6.816871	0	-3.811854	0	4.263146	0	-1.852681	-0.9030551	1.070747	-1.448132	1.135453	1.439842	3.808228	3.233355	-0.7074606	-2.589298	-1.398937	0.03566462	-2.610922	-1.311261	-0.3873601	-1.550386	0.8756827	-1.588791	-5.69376	-1.438175	-0.7168523	5.466042	0.4771903	274.6495	284.3906	0	0	330.516	287.7119	403.6265	288.3221	0	0	459.1285	280.4245	368.0012	362.9441	0	0						
AFDES	20160317	Medit F10disgustface Forward-3	0	MALE	test	TestImage	Emotient FACET	3480	3480			85	3480	1	205	198	306	306	-3.705138	0	-1.911704	0	-5.912459	0	-4.165418	0	-3.84982	0	4.270676	0	-6.251629	0	-7.069293	0	-6.812132	0	-6.719757	0	-3.705138	0	4.270676	0	-1.799041	-0.8647805	0.9889523	-1.448992	1.113625	1.420268	3.698676	3.208716	-0.7010284	-2.61575	-1.416267	-0.03181424	-2.780789	-1.34558	-0.3607233	-1.610244	0.915729	-1.590694	-5.700656	-1.4011	-0.6899337	5.296733	0.5087875	274.4861	284.149	0	0	330.6102	288.7604	403.7288	287.5523	0	0	458.6759	280.4265	368.4459	362.8875	0	0						
AFDES	20160317	Medit F10disgustface Forward-3	0	MALE	test	TestImage	Emotient FACET	3520	3520			86	3520	1	205	198	307	307	-3.581759	0	-1.851822	0	-5.923066	0	-4.158684	0	-3.744241	0	4.197824	0	-6.090314	0	-6.890213	0	-6.627429	0	-6.646498	0	-3.581759	0	4.197824	0	-1.785239	-0.8770915	0.9964989	-1.411129	1.153568	1.46637	3.65441	3.122669	-0.6381086	-2.554959	-1.328025	-0.0198174	-2.622591	-1.335143	-0.323698	-1.495637	0.8277631	-1.608073	-5.610423	-1.387499	-0.8213815	5.36688	0.5002624	274.2995	284.108	0	0	330.4211	288.618	403.9572	287.407	0	0	458.7788	280.2521	368.497	362.9248	0	0						
AFDES	20160317	Medit F10disgustface Forward-3	0	MALE	test	TestImage	Emotient FACET	3560	3560			87	3560	1	205	199	306	306	-3.752165	0	-1.948751	0	-5.788048	0	-4.03036	0	-3.862975	0	4.332013	0	-6.257614	0	-7.146338	0	-6.880558	0	-6.661942	0	-3.752165	0	4.332013	0	-1.745508	-0.7768802	0.9475263	-1.433929	1.110066	1.348286	3.653368	3.237117	-0.6776025	-2.652895	-1.379344	-0.00524998	-2.797966	-1.342509	-0.406547	-1.655599	0.8984828	-1.605044	-5.633453	-1.271125	-1.334253	5.36756	0.6809146	274.4471	285.1105	0	0	328.7841	289.1467	402.459	287.7133	0	0	458.2556	280.192	367.3587	362.5676	0	0						
AFDES	20160317	Medit F10disgustface Forward-3	0	MALE	test	TestImage	Emotient FACET	3600	3600			88	3600	1	204	198	306	306	-3.694523	0	-1.900474	0	-5.885828	0	-4.147177	0	-3.783737	0	4.301611	0	-6.153103	0	-7.004715	0	-6.755139	0	-6.695306	0	-3.694523	0	4.301611	0	-1.773809	-0.8452481	0.9725572	-1.440666	1.139943	1.411285	3.674837	3.191355	-0.6664162	-2.619328	-1.341802	0.004202907	-2.700816	-1.356406	-0.3654914	-1.587027	0.8687936	-1.6191	-5.638789	-1.314489	-1.006796	5.224841	0.5567849	273.9818	284.7383	0	0	329.8266	288.6899	402.4417	287.2114	0	0	458.7482	280.3634	368.0811	362.5346	0	0						
AFDES	20160317	Medit F10disgustface Forward-3	0	MALE	test	TestImage	Emotient FACET	3640	3640			89	3640	1	204	198	306	306	-3.637343	0	-1.909424	0	-5.817668	0	-4.100947	0	-3.810713	0	4.281406	0	-6.163682	0	-6.985283	0	-6.735507	0	-6.672797	0	-3.637343	0	4.281406	0	-1.753756	-0.8246492	0.9701467	-1.444665	1.156144	1.433303	3.6737	3.175385	-0.6656946	-2.613238	-1.415872	-0.03640676	-2.776169	-1.380084	-0.3630347	-1.615179	0.9134136	-1.57509	-5.641444	-1.305193	-1.006423	5.153923	0.5765138	273.6336	284.3803	0	0	329.6461	288.7348	402.1017	287.0709	0	0	458.5681	280.4378	368.7764	362.2009	0	0						
AFDES	20160317	Medit F10disgustface Forward-3	0	MALE	test	TestImage	Emotient FACET	3680	3680			90	3680	1	205	199	306	306	-3.33956	0	-1.765076	0	-5.703024	0	-4.043515	0	-3.503666	0	4.067948	0	-5.865206	0	-6.690675	0	-6.43355	0	-6.214984	0	-3.33956	0	4.067948	0	-1.647294	-0.7397568	0.8811432	-1.352576	1.107205	1.374796	3.368637	3.000886	-0.5875502	-2.498192	-1.294862	-0.0676954	-2.51989	-1.369918	-0.3168103	-1.436343	0.6887889	-1.665617	-5.419522	-1.310497	-0.8009427	5.095959	0.5282465	273.7576	285.0941	0	0	329.8927	289.1444	402.4814	287.4262	0	0	458.2144	280.4927	369.6247	362.8639	0	0						
AFDES	20160317	Medit F10disgustface Forward-3	0	MALE	test	TestImage	Emotient FACET	3720	3720			91	3720	1	204	198	307	307	-3.654275	0	-1.80839	0	-5.750751	0	-4.010864	0	-3.666337	0	4.260761	0	-6.013887	0	-6.870519	0	-6.590685	0	-6.461726	0	-3.654275	0	4.260761	0	-1.736914	-0.7945242	0.9450157	-1.359024	1.113576	1.342135	3.562429	3.149905	-0.6543817	-2.566518	-1.21995	0.02109777	-2.599937	-1.355755	-0.344003	-1.499657	0.7291718	-1.68907	-5.512744	-1.296857	-0.9178098	5.180563	0.6147087	273.7237	285.1066	0	0	328.6539	288.9655	403.0181	287.721	0	0	458.1489	280.5922	368.2842	363.1602	0	0						
AFDES	20160317	Medit F10disgustface Forward-3	0	MALE	test	TestImage	Emotient FACET	3760	3760			92	3760	1	203	198	308	308	-3.64326	0	-1.76734	0	-5.748275	0	-4.011879	0	-3.507756	0	4.230408	0	-5.833477	0	-6.586223	0	-6.338262	0	-6.301275	0	-3.64326	0	4.230408	0	-1.730054	-0.8088172	0.944743	-1.36867	1.113422	1.331109	3.580534	3.077232	-0.6412625	-2.488687	-1.122241	0.08029377	-2.304933	-1.344295	-0.3467723	-1.386167	0.5725766	-1.724325	-5.374525	-1.262339	-0.7635507	5.263355	0.606716	273.5378	284.6841	0	0	328.7089	289.8302	403.0414	288.4579	0	0	458.7486	280.7547	368.2035	363.4664	0	0						
AFDES	20160317	Medit F10disgustface Forward-3	0	MALE	test	TestImage	Emotient FACET	3800	3800			93	3800	1	203	198	308	308	-3.755493	0	-1.809986	0	-5.767783	0	-4.018048	0	-3.602751	0	4.318815	0	-5.969659	0	-6.748653	0	-6.513007	0	-6.416959	0	-3.755493	0	4.318815	0	-1.73948	-0.7957405	0.9520398	-1.415053	1.128708	1.347412	3.617503	3.201267	-0.6501982	-2.5336	-1.219277	0.08016195	-2.406521	-1.377305	-0.3742312	-1.455057	0.652918	-1.732769	-5.472282	-1.260857	-0.8386002	5.323703	0.6515905	273.4421	284.536	0	0	328.8568	289.4154	402.7438	288.4346	0	0	458.4857	280.8394	367.9228	363.3686	0	0						
AFDES	20160317	Medit F10disgustface Forward-3	0	MALE	test	TestImage	Emotient FACET	3840	3840			94	3840	1	206	200	304	304	-3.311002	0	-1.816971	0	-5.595623	0	-3.809675	0	-3.635632	0	4.009925	0	-6.066437	0	-7.020577	0	-6.643474	0	-6.336901	0	-3.311002	0	4.009925	0	-1.612496	-0.657671	0.8457416	-1.345372	1.066591	1.237379	3.240242	3.092254	-0.5209034	-2.466448	-1.466782	-0.1439011	-2.833243	-1.292778	-0.3693725	-1.542087	0.8381174	-1.593717	-5.395381	-1.260242	-1.087916	5.451504	0.7604513	274.2192	285.9311	0	0	329.0215	291.6686	403.0032	288.1962	0	0	457.4056	280.7614	367.6847	362.6117	0	0						
AFDES	20160317	Medit F10disgustface Forward-3	0	MALE	test	TestImage	Emotient FACET	3880	3880			95	3880	1	206	200	305	305	-3.448687	0	-1.851907	0	-5.59669	0	-3.77646	0	-3.691099	0	4.080513	0	-6.088786	0	-7.060696	0	-6.728885	0	-6.377833	0	-3.448687	0	4.080513	0	-1.625658	-0.6626636	0.8729636	-1.348409	1.031594	1.241243	3.315013	3.150384	-0.5889511	-2.534897	-1.507183	-0.1800321	-2.877309	-1.313025	-0.3869705	-1.614837	0.9120255	-1.58835	-5.516946	-1.252913	-1.022161	5.249208	0.9212524	274.227	286.1591	0	0	328.9547	291.8242	403.6743	287.3853	0	0	457.3248	280.8773	367.5136	362.5358	0	0						
AFDES	20160317	Medit F10disgustface Forward-3	0	MALE	test	TestImage	Emotient FACET	3920	3920			96	3920	1	205	199	307	307	-3.431518	0	-1.856177	0	-5.887625	0	-4.021884	0	-3.614853	0	4.123291	0	-5.906096	0	-6.802255	0	-6.554086	0	-6.498581	0	-3.431518	0	4.123291	0	-1.731234	-0.8380032	0.9433914	-1.451194	1.149286	1.411405	3.49004	3.04024	-0.5498207	-2.509337	-1.35661	-0.05609728	-2.635052	-1.320224	-0.2613464	-1.464861	0.8081409	-1.652461	-5.531227	-1.411459	-0.2814135	4.924388	0.7094198	274.1385	285.1605	0	0	330.0689	289.5544	402.9766	286.3495	0	0	458.514	281.5071	368.7242	363.8925	0	0						
AFDES	20160317	Medit F10disgustface Forward-3	0	MALE	test	TestImage	Emotient FACET	3960	3960			97	3960	1	204	199	307	307	-3.551377	0	-1.863767	0	-5.877226	0	-3.981046	0	-3.574127	0	4.201787	0	-5.861465	0	-6.78793	0	-6.57098	0	-6.410322	0	-3.551377	0	4.201787	0	-1.724405	-0.813346	0.9158745	-1.431186	1.110071	1.368856	3.465272	3.107039	-0.6213406	-2.559	-1.287588	-0.03791035	-2.590612	-1.309585	-0.3237156	-1.48904	0.7567926	-1.710174	-5.546162	-1.406775	-0.3148522	4.827035	0.7900606	274.3372	285.2357	0	0	329.4352	290.003	402.8642	286.7796	0	0	458.7436	281.4845	368.4475	363.8218	0	0						
AFDES	20160317	Medit F10disgustface Forward-3	0	MALE	test	TestImage	Emotient FACET	4000	4000			98	4000	1	205	199	305	305	-3.555096	0	-1.79718	0	-5.862283	0	-3.912502	0	-3.614756	0	4.153924	0	-5.943732	0	-6.715215	0	-6.516058	0	-6.330363	0	-3.555096	0	4.153924	0	-1.738183	-0.7935691	0.9295393	-1.467945	1.119636	1.357062	3.429285	3.146242	-0.6254342	-2.544369	-1.449913	-0.0494752	-2.732257	-1.287769	-0.2875136	-1.514209	0.7605197	-1.685896	-5.491183	-1.377622	-0.3277419	4.761364	0.8282598	274.228	285.6015	0	0	329.3989	290.1012	402.8928	286.8412	0	0	457.2828	281.4021	368.4474	363.8694	0	0						
AFDES	20160317	Medit F10disgustface Forward-3	0	MALE	test	TestImage	Emotient FACET	4040	4040			99	4040	1	204	199	305	305	-3.496201	0	-1.736973	0	-5.890789	0	-3.954751	0	-3.591172	0	4.112431	0	-5.953149	0	-6.572997	0	-6.376824	0	-6.289985	0	-3.496201	0	4.112431	0	-1.787495	-0.8302859	0.9788995	-1.506036	1.216047	1.404724	3.479308	3.110181	-0.5362615	-2.460971	-1.475168	-0.006725868	-2.625113	-1.280977	-0.2863655	-1.429157	0.7035246	-1.643588	-5.375327	-1.35438	-0.8348927	5.061756	0.9697831	274.0467	285.3481	0	0	328.4404	290.9489	402.7388	287.7297	0	0	458.0597	281.148	366.4946	362.4021	0	0						
AFDES	20160317	Medit F10disgustface Forward-3	0	MALE	test	TestImage	Emotient FACET	4080	4080			100	4080	1	205	200	305	305	-3.548599	0	-1.753057	0	-5.771835	0	-3.830742	0	-3.599421	0	4.137436	0	-5.949633	0	-6.750207	0	-6.552882	0	-6.2536	0	-3.548599	0	4.137436	0	-1.732261	-0.7647108	0.9308292	-1.454123	1.157113	1.321958	3.442823	3.138013	-0.5640717	-2.50293	-1.442218	-0.01963515	-2.704909	-1.289401	-0.3023276	-1.491572	0.7123201	-1.691235	-5.433806	-1.302753	-0.8804982	5.033929	1.091385	273.9226	286.1008	0	0	328.4109	292.2061	402.6311	288.6852	0	0	457.4229	281.1049	366.6572	362.7509	0	0						
AFDES	20160317	Medit F10disgustface Forward-3	0	MALE	test	TestImage	Emotient FACET	4120	4120			101	4120	1	205	200	305	305	-3.542243	0	-1.78262	0	-5.842871	0	-3.907751	0	-3.5899	0	4.127477	0	-5.86799	0	-6.74889	0	-6.555059	0	-6.268544	0	-3.542243	0	4.127477	0	-1.703255	-0.7546503	0.8946991	-1.526014	1.091983	1.319226	3.39343	3.152184	-0.6256773	-2.511995	-1.411096	-0.02869485	-2.671375	-1.328292	-0.269532	-1.448913	0.732829	-1.680969	-5.480811	-1.301404	-1.105016	4.889022	1.102076	273.6765	286.433	0	0	329.6481	291.5718	402.6161	288.0938	0	0	457.308	281.2394	366.7936	363.6949	0	0						
AFDES	20160317	Medit F10disgustface Forward-3	0	MALE	test	TestImage	Emotient FACET	4160	4160			102	4160	1	204	200	306	306	-3.523723	0	-1.773156	0	-5.787266	0	-3.907934	0	-3.572321	0	4.119285	0	-5.876256	0	-6.744926	0	-6.508505	0	-6.27615	0	-3.523723	0	4.119285	0	-1.711018	-0.7675173	0.8972157	-1.522489	1.096778	1.320259	3.453354	3.115582	-0.5982288	-2.480517	-1.413096	-0.02008436	-2.573885	-1.379852	-0.2619466	-1.439834	0.7344091	-1.656628	-5.452421	-1.271978	-1.222002	5.107567	1.1451	273.5924	286.1546	0	0	328.6979	291.3782	402.5898	288.322	0	0	457.3869	281.3288	367.309	363.817	0	0						
AFDES	20160317	Medit F10disgustface Forward-3	0	MALE	test	TestImage	Emotient FACET	4200	4200			103	4200	1	205	200	305	305	-3.465635	0	-1.704874	0	-5.705435	0	-3.828638	0	-3.510555	0	4.045472	0	-5.789914	0	-6.634644	0	-6.405333	0	-6.133032	0	-3.465635	0	4.045472	0	-1.673256	-0.7350913	0.9007592	-1.493157	1.100466	1.32269	3.362667	3.120681	-0.5956487	-2.441488	-1.412848	-0.02627716	-2.608972	-1.342292	-0.2385411	-1.410806	0.7145081	-1.655768	-5.385438	-1.27595	-1.252304	5.070468	1.054189	273.7068	286.4714	0	0	329.462	292.0084	402.7704	287.9961	0	0	457.1669	281.3786	366.8041	363.6866	0	0						
AFDES	20160317	Medit F10disgustface Forward-3	0	MALE	test	TestImage	Emotient FACET	4240	4240			104	4240	1	205	201	304	304	-3.533549	0	-1.72659	0	-5.76395	0	-3.782084	0	-3.582116	0	4.116396	0	-5.916465	0	-6.833068	0	-6.565863	0	-6.223637	0	-3.533549	0	4.116396	0	-1.695001	-0.7079741	0.9025615	-1.477623	1.136585	1.291903	3.409053	3.16625	-0.5359813	-2.453118	-1.381024	0.03751511	-2.620758	-1.322525	-0.2813828	-1.393903	0.6368798	-1.710657	-5.340003	-1.2428	-1.21471	5.077065	1.033325	273.7373	286.5018	0	0	328.8673	292.8459	402.3314	288.8531	0	0	457.3541	281.1514	366.1517	362.7767	0	0						
AFDES	20160317	Medit F10disgustface Forward-3	0	MALE	test	TestImage	Emotient FACET	4280	4280			105	4280	1	203	199	307	307	-3.727093	0	-1.706059	0	-5.761073	0	-3.898329	0	-3.472501	0	4.222412	0	-5.775817	0	-6.538998	0	-6.334715	0	-6.236546	0	-3.727093	0	4.222412	0	-1.752201	-0.7858272	1.00617	-1.496592	1.169083	1.389616	3.605826	3.133812	-0.5805285	-2.427008	-1.251167	0.1669924	-2.228152	-1.302173	-0.2594416	-1.297426	0.5364373	-1.739186	-5.319764	-1.147312	-1.064064	4.80581	0.9499261	272.4372	286.1757	0	0	328.6449	290.3951	402.7538	288.8608	0	0	457.5612	281.1905	367.3011	363.0256	0	0						
AFDES	20160317	Medit F10disgustface Forward-3	0	MALE	test	TestImage	Emotient FACET	4320	4320			106	4320	1	205	200	305	305	-3.649301	0	-1.701916	0	-5.741024	0	-3.791522	0	-3.572862	0	4.14012	0	-5.819076	0	-6.748847	0	-6.5116	0	-6.125662	0	-3.649301	0	4.14012	0	-1.666677	-0.6904207	0.9042166	-1.463772	1.057276	1.282564	3.37127	3.215176	-0.6485316	-2.488878	-1.423241	-0.03233328	-2.563878	-1.381756	-0.2788793	-1.411819	0.6495624	-1.73832	-5.487393	-1.228895	-0.8800356	5.117836	1.026497	274.092	286.663	0	0	328.8578	292.6217	402.78	288.6901	0	0	457.9528	281.0097	366.8162	362.5713	0	0						
AFDES	20160317	Medit F10disgustface Forward-3	0	MALE	test	TestImage	Emotient FACET	4360	4360			107	4360	1	205	200	305	305	-3.688175	0	-1.63049	0	-5.735045	0	-3.817519	0	-3.513516	0	4.177964	0	-5.662087	0	-6.48907	0	-6.379523	0	-6.001142	0	-3.688175	0	4.177964	0	-1.685958	-0.7257874	0.9379837	-1.525662	1.046378	1.333196	3.385433	3.244042	-0.7290943	-2.47003	-1.365022	0.01234897	-2.475816	-1.376152	-0.1989379	-1.350701	0.6121146	-1.726533	-5.421081	-1.162724	-0.8603073	5.203837	1.001199	274.1513	286.5647	0	0	328.3256	290.9782	403.0475	287.7635	0	0	457.4737	280.7514	367.3469	362.6691	0	0						
AFDES	20160317	Medit F10disgustface Forward-3	0	MALE	test	TestImage	Emotient FACET	4400	4400			108	4400	1	205	200	305	305	-3.563284	0	-1.583131	0	-5.651745	0	-3.702164	0	-3.375313	0	4.078858	0	-5.589423	0	-6.35282	0	-6.226326	0	-5.817493	0	-3.563284	0	4.078858	0	-1.701663	-0.7488124	0.8581159	-1.4374	1.012557	1.274956	3.279791	3.155504	-0.7085407	-2.422568	-1.290922	0.02809201	-2.503781	-1.314155	-0.1942561	-1.355167	0.5431554	-1.728294	-5.256155	-1.269639	-0.8173006	5.086204	0.8685442	274.0315	286.611	0	0	329.795	290.3859	402.7506	287.8978	0	0	457.9321	281.0426	366.6926	362.6402	0	0						
AFDES	20160317	Medit F10disgustface Forward-3	0	MALE	test	TestImage	Emotient FACET	4440	4440			109	4440	1	205	201	303	303	-3.596355	0	-1.592426	0	-5.503177	0	-3.524628	0	-3.446396	0	4.115753	0	-5.60499	0	-6.554285	0	-6.399007	0	-5.752546	0	-3.596355	0	4.115753	0	-1.66937	-0.7236176	0.7731982	-1.379971	0.9412754	1.143364	3.145886	3.199782	-0.7177807	-2.447153	-1.227927	0.07009784	-2.631701	-1.247533	-0.2638474	-1.400457	0.5193195	-1.792194	-5.240398	-1.304206	-1.153351	5.272745	0.8786586	274.171	286.6508	0	0	329.8925	292.9447	403.3596	287.7477	0	0	457.1055	281.1003	364.5548	362.3805	0	0						
AFDES	20160317	Medit F10disgustface Forward-3	0	MALE	test	TestImage	Emotient FACET	4480	4480			110	4480	1	206	200	303	303	-3.523234	0	-1.59067	0	-5.524082	0	-3.63877	0	-3.321496	0	4.058931	0	-5.593954	0	-6.414599	0	-6.290247	0	-5.718016	0	-3.523234	0	4.058931	0	-1.630036	-0.6515275	0.8289447	-1.373095	0.9415382	1.224694	3.081478	3.194687	-0.7384052	-2.412261	-1.387625	-0.080359	-2.511015	-1.350103	-0.2671805	-1.390326	0.5675961	-1.71301	-5.361524	-1.189916	-1.147718	5.166317	0.8111066	274.1305	286.6179	0	0	330.2743	293.2238	404.6163	285.06	0	0	456.0263	280.9139	365.1268	362.4308	0	0						
AFDES	20160317	Medit F10disgustface Forward-3	0	MALE	test	TestImage	Emotient FACET	4520	4520			111	4520	1	205	200	304	304	-3.457549	0	-1.520659	0	-5.512938	0	-3.581405	0	-3.29586	0	4.015073	0	-5.482376	0	-6.234452	0	-6.113078	0	-5.640555	0	-3.457549	0	4.015073	0	-1.688516	-0.7228044	0.8233585	-1.383014	1.004235	1.234604	3.114581	3.142159	-0.6853222	-2.357242	-1.255897	0.0649645	-2.451367	-1.266789	-0.2044756	-1.287381	0.4686005	-1.734536	-5.135964	-1.266076	-1.209986	5.218236	0.7720584	274.2214	285.8764	0	0	330.0412	292.7373	404.5477	284.9534	0	0	455.9689	281.0258	364.7213	363.0163	0	0						
AFDES	20160317	Medit F10disgustface Forward-3	0	MALE	test	TestImage	Emotient FACET	4560	4560			112	4560	1	206	200	303	303	-3.647222	0	-1.49517	0	-5.555106	0	-3.618871	0	-3.348629	0	4.068106	0	-5.521723	0	-6.308102	0	-6.202878	0	-5.711707	0	-3.647222	0	4.068106	0	-1.686471	-0.7066236	0.8519948	-1.369838	0.9464127	1.218645	3.115474	3.23554	-0.7785337	-2.393101	-1.28808	0.007801063	-2.530258	-1.281873	-0.2520579	-1.36272	0.5131392	-1.741062	-5.304168	-1.226462	-1.07057	5.207505	0.8446866	274.7756	286.967	0	0	330.083	292.403	405.7997	285.1518	0	0	455.9482	281.0288	364.5849	362.4192	0	0						
AFDES	20160317	Medit F10disgustface Forward-3	0	MALE	test	TestImage	Emotient FACET	4600	4600			113	4600	1	205	199	306	306	-3.622918	0	-1.565121	0	-5.607729	0	-3.705059	0	-3.29999	0	4.06983	0	-5.454316	0	-6.29306	0	-6.167335	0	-5.678383	0	-3.622918	0	4.06983	0	-1.680325	-0.7553735	0.7928612	-1.412073	0.9264467	1.223477	3.140769	3.167882	-0.795409	-2.386189	-1.193638	0.01256381	-2.445005	-1.348028	-0.1515023	-1.301546	0.4935286	-1.785433	-5.284595	-1.322658	-0.5374071	4.825028	0.6810861	274.4868	285.6716	0	0	330.1299	289.9018	404.3659	287.2358	0	0	457.8155	280.8367	368.0395	363.2256	0	0						
AFDES	20160317	Medit F10disgustface Forward-3	0	MALE	test	TestImage	Emotient FACET	4640	4640			114	4640	1	205	199	306	306	-3.783158	0	-1.549344	0	-5.66749	0	-3.664132	0	-3.313385	0	4.131214	0	-5.454498	0	-6.21899	0	-6.182775	0	-5.677884	0	-3.783158	0	4.131214	0	-1.738896	-0.8036044	0.8424613	-1.384253	0.9334733	1.229051	3.193688	3.223239	-0.8534999	-2.437594	-1.186629	0.03098647	-2.46646	-1.285901	-0.2282713	-1.339223	0.4618528	-1.819803	-5.328907	-1.367662	-0.7271554	4.756721	0.6098756	274.4048	285.2452	0	0	330.0939	289.3958	404.8775	286.6492	0	0	457.845	281.0327	367.8595	362.5163	0	0						
AFDES	20160317	Medit F10disgustface Forward-3	0	MALE	test	TestImage	Emotient FACET	4680	4680			115	4680	1	206	199	305	305	-3.982392	0	-1.570446	0	-5.706504	0	-3.684883	0	-3.453534	0	4.19892	0	-5.585996	0	-6.429897	0	-6.37364	0	-5.742825	0	-3.982392	0	4.19892	0	-1.791756	-0.8324179	0.7858686	-1.409385	0.8602942	1.15574	3.216863	3.33369	-0.9183835	-2.473606	-1.172152	0.05022741	-2.554646	-1.306771	-0.2855158	-1.411299	0.4852329	-1.847265	-5.454497	-1.381449	-0.6964499	4.628585	0.6932617	275.2161	285.2076	0	0	330.8943	290.7969	405.2678	286.8056	0	0	458.6176	280.433	364.9942	361.7901	0	0						
AFDES	20160317	Medit F10disgustface Forward-3	0	MALE	test	TestImage	Emotient FACET	4720	4720			116	4720	1	206	198	306	306	-3.878736	0	-1.48297	0	-5.745742	0	-3.803818	0	-3.307123	0	4.135255	0	-5.425891	0	-6.130251	0	-6.071555	0	-5.712553	0	-3.878736	0	4.135255	0	-1.799068	-0.8833348	0.8436875	-1.463109	0.93858	1.235692	3.268322	3.26386	-0.8790981	-2.398376	-1.10882	0.1160272	-2.347902	-1.298761	-0.1918426	-1.264337	0.4032632	-1.841299	-5.308953	-1.350712	-0.3735282	4.641729	0.4886724	275.2141	283.91	0	0	330.8403	288.6427	405.2352	286.6446	0	0	458.7531	280.2679	368.4744	362.1844	0	0						
AFDES	20160317	Medit F10disgustface Forward-3	0	MALE	test	TestImage	Emotient FACET	4760	4760			117	4760	1	206	198	305	305	-4.023152	0	-1.519889	0	-5.765563	0	-3.833791	0	-3.412133	0	4.210989	0	-5.540337	0	-6.308862	0	-6.232739	0	-5.826389	0	-4.023152	0	4.210989	0	-1.813592	-0.8793111	0.8164342	-1.491738	0.8832462	1.221119	3.310346	3.315261	-0.9365885	-2.460096	-1.129673	0.1425878	-2.38461	-1.35077	-0.2133676	-1.319577	0.45816	-1.817141	-5.394924	-1.31341	-0.3454187	4.605772	0.4253065	275.1969	283.8292	0	0	330.8829	288.3791	404.4231	286.88	0	0	458.6195	280.2215	368.6417	362.0199	0	0						
AFDES	20160317	Medit F10disgustface Forward-3	0	MALE	test	TestImage	Emotient FACET	4800	4800			118	4800	1	205	198	306	306	-4.005746	0	-1.544384	0	-5.837246	0	-3.879204	0	-3.446563	0	4.220933	0	-5.537175	0	-6.340215	0	-6.252485	0	-5.907438	0	-4.005746	0	4.220933	0	-1.806767	-0.8784378	0.8336961	-1.544712	0.9146806	1.247707	3.345289	3.314775	-0.9057935	-2.446917	-1.087833	0.1517373	-2.365456	-1.345787	-0.1847775	-1.293087	0.4633907	-1.796716	-5.384185	-1.330086	-0.3982807	4.668565	0.470741	275.0686	283.6265	0	0	330.9031	288.274	404.4196	286.5972	0	0	458.7173	280.2429	368.3785	362.1793	0	0						
AFDES	20160317	Medit F10disgustface Forward-3	0	MALE	test	TestImage	Emotient FACET	4840	4840			119	4840	1	206	199	305	305	-4.059825	0	-1.491848	0	-5.744002	0	-3.793595	0	-3.463858	0	4.233979	0	-5.587837	0	-6.540655	0	-6.3518	0	-5.83026	0	-4.059825	0	4.233979	0	-1.803738	-0.8291989	0.7639486	-1.48066	0.8600211	1.134133	3.265776	3.387222	-0.9361057	-2.437292	-1.104729	0.1591382	-2.466091	-1.3398	-0.2824588	-1.367835	0.4740302	-1.795125	-5.410932	-1.324194	-0.73386	4.736713	0.6283361	275.2701	283.9378	0	0	331.0499	290.5953	404.9156	287.7337	0	0	458.6727	280.1593	365.6497	361.5465	0	0						
AFDES	20160317	Medit F10disgustface Forward-3	0	MALE	test	TestImage	Emotient FACET	4880	4880			120	4880	1	206	198	305	305	-4.031796	0	-1.460429	0	-5.775421	0	-3.877262	0	-3.395649	0	4.203385	0	-5.506466	0	-6.33321	0	-6.229851	0	-5.817637	0	-4.031796	0	4.203385	0	-1.835334	-0.8697383	0.82169	-1.51001	0.9083502	1.204889	3.338225	3.330701	-0.9160649	-2.448724	-1.037716	0.1979948	-2.296343	-1.349178	-0.1967957	-1.274042	0.3910259	-1.843876	-5.344316	-1.297357	-0.6629779	4.880519	0.5679468	274.9901	284.3811	0	0	330.9722	288.6326	403.9868	287.2954	0	0	458.5563	280.5321	368.3749	362.5032	0	0						
AFDES	20160317	Medit F10disgustface Forward-3	0	MALE	test	TestImage	Emotient FACET	4920	4920			121	4920	1	205	198	306	306	-3.938273	0	-1.51532	0	-5.782567	0	-3.851968	0	-3.346192	0	4.191716	0	-5.478117	0	-6.220088	0	-6.173927	0	-5.773004	0	-3.938273	0	4.191716	0	-1.820609	-0.8806013	0.855567	-1.489365	0.9219983	1.246232	3.362909	3.263305	-0.8791417	-2.42401	-1.081516	0.1470302	-2.255021	-1.32668	-0.201536	-1.271686	0.4191197	-1.826445	-5.331422	-1.296844	-0.7972395	4.768686	0.5449404	274.7795	284.1971	0	0	330.8879	288.818	404.019	286.94	0	0	459.1018	280.6494	368.4739	362.2112	0	0						
AFDES	20160317	Medit F10disgustface Forward-3	0	MALE	test	TestImage	Emotient FACET	4960	4960			122	4960	1	205	198	306	306	-3.802765	0	-1.470919	0	-5.706902	0	-3.829105	0	-3.281217	0	4.14499	0	-5.397292	0	-6.118301	0	-6.044559	0	-5.672478	0	-3.802765	0	4.14499	0	-1.796803	-0.8627001	0.8145356	-1.50674	0.9376444	1.246585	3.269213	3.238153	-0.8356189	-2.346946	-1.097875	0.1442029	-2.200018	-1.350367	-0.1758353	-1.204168	0.3851042	-1.79408	-5.253633	-1.290861	-0.7365865	4.888777	0.5532727	274.7999	284.0084	0	0	330.9522	288.6607	403.9231	286.8346	0	0	458.6772	280.5159	368.1952	362.4681	0	0						
AFDES	20160317	Medit F10disgustface Forward-3	0	MALE	test	TestImage	Emotient FACET	5000	5000			123	5000	1	206	199	306	306	-3.836143	0	-1.53886	0	-5.690579	0	-3.778576	0	-3.311306	0	4.129679	0	-5.505242	0	-6.307153	0	-6.194147	0	-5.723518	0	-3.836143	0	4.129679	0	-1.79656	-0.8592397	0.7921536	-1.449466	0.8883614	1.187301	3.262763	3.223841	-0.8500671	-2.416346	-1.070792	0.138998	-2.35529	-1.301024	-0.1921383	-1.287803	0.4192334	-1.831804	-5.269428	-1.29103	-1.128371	4.813755	0.5858681	274.7791	284.0693	0	0	331.2014	290.7303	405.8363	286.7272	0	0	458.1152	280.2997	367.2967	362.4984	0	0						
AFDES	20160317	Medit F10disgustface Forward-3	0	MALE	test	TestImage	Emotient FACET	5040	5040			124	5040	1	207	199	302	302	-3.572631	0	-1.336353	0	-5.522709	0	-3.59248	0	-3.162393	0	3.947545	0	-5.434789	0	-5.899628	0	-5.767928	0	-5.444185	0	-3.572631	0	3.947545	0	-1.803135	-0.8081529	0.8242528	-1.376689	0.9895741	1.252363	2.905373	3.100584	-0.7836303	-2.235897	-1.374197	-0.009825776	-2.309645	-1.274564	-0.2924118	-1.283681	0.481082	-1.509597	-5.239666	-1.231515	-0.5531319	5.226488	0.344923	275.8557	285.0509	0	0	330.8297	289.1024	407.3917	284.1383	0	0	455.4833	281.0981	366.8524	361.5238	0	0						
AFDES	20160317	Medit F10disgustface Forward-3	0	MALE	test	TestImage	Emotient FACET	5080	5080			125	5080	1	206	198	307	307	-3.767932	0	-1.604673	0	-5.629744	0	-3.682586	0	-3.2855	0	4.132373	0	-5.445924	0	-6.34977	0	-6.271943	0	-5.756341	0	-3.767932	0	4.132373	0	-1.705998	-0.7663549	0.8278124	-1.406197	0.9161304	1.206451	3.270952	3.179009	-0.802825	-2.411907	-1.03097	0.1313348	-2.346759	-1.282467	-0.2080142	-1.250267	0.3862942	-1.863303	-5.252975	-1.232121	-0.5491485	5.122253	0.548319	275.0714	284.4922	0	0	330.1172	288.8871	406.35	286.436	0	0	457.6981	280.6642	369.708	363.6676	0	0						
AFDES	20160317	Medit F10disgustface Forward-3	0	MALE	test	TestImage	Emotient FACET	5120	5120			126	5120	1	206	199	305	305	-3.719067	0	-1.394984	0	-5.58876	0	-3.697867	0	-3.226496	0	4.079132	0	-5.446107	0	-6.199664	0	-6.018776	0	-5.587597	0	-3.719067	0	4.079132	0	-1.81341	-0.8665377	0.7613848	-1.43154	0.90556	1.188132	3.169487	3.205939	-0.8052775	-2.281817	-1.107907	0.1981382	-2.251982	-1.311583	-0.1413146	-1.184375	0.3858964	-1.742131	-5.085542	-1.318465	-0.4620188	5.216049	0.420875	275.7924	284.1811	0	0	330.3104	288.8115	406.2392	286.6989	0	0	458.1526	281.3879	368.532	362.5789	0	0						
AFDES	20160317	Medit F10disgustface Forward-3	0	MALE	test	TestImage	Emotient FACET	5160	5160			127	5160	1	206	198	305	305	-3.631227	0	-1.405434	0	-5.554254	0	-3.718187	0	-3.202661	0	4.038372	0	-5.402166	0	-6.066365	0	-5.92091	0	-5.570969	0	-3.631227	0	4.038372	0	-1.7892	-0.8566681	0.7910433	-1.4407	0.9159411	1.222272	3.165095	3.149205	-0.7996629	-2.262879	-1.142743	0.1807836	-2.238001	-1.347139	-0.1236908	-1.165864	0.3635485	-1.733679	-5.074055	-1.271441	-0.580678	5.13286	0.4180174	275.8601	284.1383	0	0	330.2453	288.8777	406.4918	286.7215	0	0	458.3305	280.6006	368.3871	362.3594	0	0						
AFDES	20160317	Medit F10disgustface Forward-3	0	MALE	test	TestImage	Emotient FACET	5200	5200			128	5200	1	206	198	306	306	-3.402359	0	-1.515769	0	-5.551048	0	-3.653216	0	-3.200387	0	4.007288	0	-5.381222	0	-6.070694	0	-5.933302	0	-5.569264	0	-3.402359	0	4.007288	0	-1.7297	-0.8316709	0.7870135	-1.429072	0.9570476	1.260512	3.150895	3.042681	-0.6937081	-2.274072	-1.154206	0.1185505	-2.322522	-1.265884	-0.1493639	-1.182363	0.4009756	-1.756299	-5.014957	-1.288163	-0.4505988	5.330752	0.4515668	275.8787	284.1804	0	0	330.19	288.93	406.4353	286.6779	0	0	458.4582	280.5601	368.6718	363.0402	0	0						
AFDES	20160317	Medit F10disgustface Forward-3	0	MALE	test	TestImage	Emotient FACET	5240	5240			129	5240	1	205	198	307	307	-3.350562	0	-1.515426	0	-5.433126	0	-3.65485	0	-3.183757	0	3.942373	0	-5.413372	0	-6.159399	0	-5.911903	0	-5.633844	0	-3.350562	0	3.942373	0	-1.700959	-0.8141079	0.7938903	-1.428124	0.9584105	1.253146	3.162677	2.974866	-0.6136487	-2.215454	-1.158212	0.1214829	-2.28696	-1.276543	-0.193651	-1.180843	0.4183943	-1.722377	-4.966932	-1.279302	-0.5772333	5.534875	0.5368149	275.6629	284.1732	0	0	329.9938	289.121	406.449	286.8556	0	0	458.9027	280.7159	368.1187	363.1382	0	0						
AFDES	20160317	Medit F10disgustface Forward-3	0	MALE	test	TestImage	Emotient FACET	5280	5280			130	5280	1	206	199	304	304	-3.304113	0	-1.247045	0	-5.340715	0	-3.609618	0	-3.019611	0	3.842229	0	-5.243941	0	-5.675241	0	-5.472041	0	-5.305993	0	-3.304113	0	3.842229	0	-1.725522	-0.8001816	0.8059557	-1.361352	1.020005	1.275095	3.020133	2.971423	-0.651575	-2.092633	-1.265525	0.168367	-2.08789	-1.343485	-0.1235469	-1.056195	0.299578	-1.632929	-4.80867	-1.243063	-0.5263838	5.459164	0.3177367	275.7715	285.191	0	0	330.8605	289.2945	408.6291	284.4255	0	0	456.5386	281.0074	366.0018	362.4884	0	0						
AFDES	20160317	Medit F10disgustface Forward-3	0	MALE	test	TestImage	Emotient FACET	5320	5320			131	5320	1	207	199	304	304	-3.263966	0	-1.261542	0	-5.376895	0	-3.59512	0	-3.066816	0	3.867104	0	-5.292139	0	-5.692373	0	-5.518277	0	-5.342265	0	-3.263966	0	3.867104	0	-1.74386	-0.7787644	0.8130783	-1.361028	1.040652	1.285483	2.96596	2.960389	-0.6518025	-2.104009	-1.360433	0.140139	-2.163152	-1.331769	-0.1665239	-1.109414	0.332316	-1.574063	-4.843216	-1.168503	-0.5572848	5.353529	0.3932561	275.8162	285.2624	0	0	330.9168	289.2459	408.3435	284.4683	0	0	456.048	280.6336	365.8788	362.2689	0	0						
AFDES	20160317	Medit F10disgustface Forward-3	0	MALE	test	TestImage	Emotient FACET	5360	5360			132	5360	1	205	199	306	306	-3.14297	0	-1.389063	0	-5.276949	0	-3.599186	0	-2.946812	0	3.757901	0	-5.30695	0	-5.841344	0	-5.556932	0	-5.285761	0	-3.14297	0	3.757901	0	-1.673886	-0.8071764	0.7416365	-1.352911	0.955755	1.21677	3.010164	2.842597	-0.533603	-2.057281	-1.19307	0.08992298	-2.111962	-1.245775	-0.1747678	-1.083946	0.3350074	-1.682981	-4.729215	-1.282872	-0.5153666	5.092825	0.6476409	276.2261	284.6364	0	0	329.9617	288.9364	406.0386	287.3813	0	0	458.9613	280.8582	367.775	363.7005	0	0						
AFDES	20160317	Medit F10disgustface Forward-3	0	MALE	test	TestImage	Emotient FACET	5400	5400			133	5400	1	206	199	306	306	-3.232434	0	-1.390326	0	-5.366734	0	-3.631437	0	-3.012852	0	3.79688	0	-5.368382	0	-5.927168	0	-5.641841	0	-5.352987	0	-3.232434	0	3.79688	0	-1.729129	-0.8518167	0.7226979	-1.33666	0.926615	1.194189	3.056738	2.90456	-0.6156872	-2.135789	-1.171169	0.0984933	-2.249427	-1.236578	-0.1819019	-1.130388	0.3479537	-1.730035	-4.821539	-1.411023	-0.606508	5.388466	0.7068712	276.2306	284.639	0	0	331.4395	289.2878	406.2833	287.6769	0	0	459.5255	281.2904	368.5373	363.8554	0	0						
AFDES	20160317	Medit F10disgustface Forward-3	0	MALE	test	TestImage	Emotient FACET	5440	5440			134	5440	1	206	199	306	306	-3.270724	0	-1.398119	0	-5.351531	0	-3.586751	0	-3.021132	0	3.823708	0	-5.281246	0	-5.802392	0	-5.634332	0	-5.301278	0	-3.270724	0	3.823708	0	-1.710591	-0.8394613	0.7524112	-1.327598	0.9360074	1.237024	3.037182	2.931236	-0.6532102	-2.154341	-1.183125	0.08107811	-2.226278	-1.237685	-0.1747056	-1.128771	0.3564462	-1.746312	-4.847384	-1.385313	-0.5878474	5.290364	0.6462795	276.1931	284.6689	0	0	331.5099	289.4565	407.5147	287.3708	0	0	459.2114	281.4118	368.5584	363.5915	0	0						
AFDES	20160317	Medit F10disgustface Forward-3	0	MALE	test	TestImage	Emotient FACET	5480	5480			135	5480	1	205	198	308	308	-3.347994	0	-1.429903	0	-5.281544	0	-3.597444	0	-3.079799	0	3.862157	0	-5.307433	0	-5.89983	0	-5.655253	0	-5.427269	0	-3.347994	0	3.862157	0	-1.684419	-0.8386928	0.7889674	-1.377657	0.9253502	1.253079	3.094428	2.931952	-0.6580768	-2.182284	-1.207691	0.05160277	-2.167187	-1.225869	-0.1933817	-1.177202	0.4439372	-1.68856	-4.955441	-1.319324	-0.6628563	5.361434	0.5638196	276.5083	284.6783	0	0	330.6258	289.5197	407.7725	287.2913	0	0	460.804	281.2694	366.8661	362.7996	0	0						
AFDES	20160317	Medit F10disgustface Forward-3	0	MALE	test	TestImage	Emotient FACET	5520	5520			136	5520	1	206	198	307	307	-3.194906	0	-1.398863	0	-5.30259	0	-3.618745	0	-2.960707	0	3.759153	0	-5.222642	0	-5.673261	0	-5.474637	0	-5.173881	0	-3.194906	0	3.759153	0	-1.681781	-0.8295449	0.7304468	-1.384946	0.9587948	1.255355	2.987284	2.870573	-0.6169505	-2.114189	-1.195322	0.04008933	-2.162065	-1.224677	-0.1691311	-1.117121	0.3818902	-1.672402	-4.822772	-1.380185	-0.4250603	5.198821	0.5010214	276.7034	284.836	0	0	330.6317	289.4662	407.9543	286.4157	0	0	459.592	281.1212	366.9798	362.9211	0	0						
AFDES	20160317	Medit F10disgustface Forward-3	0	MALE	test	TestImage	Emotient FACET	5560	5560			137	5560	1	207	199	305	305	-3.079972	0	-1.327251	0	-5.264426	0	-3.569642	0	-2.921262	0	3.675827	0	-5.150181	0	-5.525145	0	-5.324661	0	-5.051927	0	-3.079972	0	3.675827	0	-1.6768	-0.8303046	0.6959178	-1.369119	0.9579662	1.244017	2.877538	2.846476	-0.6273854	-2.055804	-1.259896	0.05018843	-2.225963	-1.242214	-0.1561059	-1.091895	0.3825367	-1.608178	-4.706919	-1.390777	-0.5363215	5.16729	0.4858257	276.955	284.9653	0	0	331.5638	289.2541	407.9728	286.3637	0	0	459.3381	280.9816	367.4969	362.2806	0	0						
AFDES	20160317	Medit F10disgustface Forward-3	0	MALE	test	TestImage	Emotient FACET	5600	5600			138	5600	1	206	199	305	305	-3.101855	0	-1.371362	0	-5.259236	0	-3.549786	0	-2.942513	0	3.710322	0	-5.170168	0	-5.649289	0	-5.453044	0	-5.095503	0	-3.101855	0	3.710322	0	-1.648068	-0.7969667	0.6746401	-1.379897	0.9344767	1.198922	2.847436	2.85731	-0.6169086	-2.074921	-1.222764	0.06380256	-2.252317	-1.244667	-0.1411036	-1.098077	0.3736912	-1.635048	-4.679442	-1.319309	-0.4561785	5.12024	0.5231211	277.044	284.9463	0	0	330.6985	289.4557	407.8672	286.2948	0	0	458.4901	281.0411	367.5042	363.5248	0	0						
AFDES	20160317	Medit F10disgustface Forward-3	0	MALE	test	TestImage	Emotient FACET	5640	5640			139	5640	1	206	198	308	308	-3.264661	0	-1.507032	0	-5.434642	0	-3.589371	0	-3.082373	0	3.854702	0	-5.294495	0	-5.845665	0	-5.666939	0	-5.471342	0	-3.264661	0	3.854702	0	-1.702503	-0.8519197	0.8370979	-1.339394	0.9670727	1.268661	3.115423	2.92539	-0.6391464	-2.202257	-1.158995	0.01785602	-2.278084	-1.185322	-0.1878718	-1.148597	0.4103054	-1.745683	-4.93112	-1.337647	-0.736313	5.022001	0.5450979	276.5914	284.7445	0	0	331.8699	289.599	408.4441	286.742	0	0	460.6415	281.2362	367.9996	363.5764	0	0						
AFDES	20160317	Medit F10disgustface Forward-3	0	MALE	test	TestImage	Emotient FACET	5680	5680			140	5680	1	206	199	307	307	-3.177173	0	-1.465506	0	-5.318357	0	-3.504911	0	-2.999547	0	3.771104	0	-5.244516	0	-5.778703	0	-5.571842	0	-5.340305	0	-3.177173	0	3.771104	0	-1.66894	-0.8129928	0.8155109	-1.278589	0.9474425	1.241392	3.02021	2.871038	-0.6108547	-2.161625	-1.171978	0.02780473	-2.270688	-1.173168	-0.1886101	-1.115261	0.3771294	-1.736424	-4.825137	-1.346777	-0.8268619	5.196375	0.6128597	276.8289	285.1509	0	0	332.0091	289.9983	407.682	287.2605	0	0	460.7969	281.3341	368.1937	363.8765	0	0						
AFDES	20160317	Medit F10disgustface Forward-3	0	MALE	test	TestImage	Emotient FACET	5720	5720			141	5720	1	207	200	305	305	-3.078698	0	-1.373842	0	-5.25321	0	-3.484699	0	-2.953729	0	3.712738	0	-5.23736	0	-5.710925	0	-5.466116	0	-5.182404	0	-3.078698	0	3.712738	0	-1.647495	-0.7665704	0.7323092	-1.253294	0.9363496	1.205619	2.896463	2.83531	-0.6012504	-2.08749	-1.268097	0.01970889	-2.297329	-1.243673	-0.1753334	-1.106997	0.3483215	-1.692113	-4.711105	-1.34222	-0.8238589	5.113604	0.6236207	276.5942	285.4442	0	0	331.8312	291.1205	406.8248	287.4483	0	0	459.6188	281.3425	368.3959	363.2971	0	0						
AFDES	20160317	Medit F10disgustface Forward-3	0	MALE	test	TestImage	Emotient FACET	5760	5760			142	5760	1	207	200	305	305	-3.165231	0	-1.285944	0	-5.091496	0	-3.383122	0	-2.908066	0	3.668197	0	-5.297522	0	-5.782262	0	-5.480421	0	-5.030825	0	-3.165231	0	3.668197	0	-1.66583	-0.7762797	0.6307644	-1.186644	0.8476735	1.050061	2.795696	2.905938	-0.6132333	-2.071468	-1.218449	0.02801397	-2.306767	-1.232181	-0.241095	-1.162453	0.3173666	-1.750306	-4.666007	-1.442394	-0.8738437	5.108112	0.6823828	276.2981	285.5721	0	0	332.0994	290.993	404.6735	289.0542	0	0	459.8359	282.1788	368.3224	364.0988	0	0						
AFDES	20160317	Medit F10disgustface Forward-3	0	MALE	test	TestImage	Emotient FACET	5800	5800			143	5800	1	206	200	306	306	-3.248671	0	-1.474135	0	-5.198273	0	-3.411227	0	-3.057332	0	3.74474	0	-5.464195	0	-6.039359	0	-5.758543	0	-5.27168	0	-3.248671	0	3.74474	0	-1.690842	-0.7941461	0.6964108	-1.153457	0.8320516	1.079095	2.93003	2.885444	-0.6535364	-2.203055	-1.257692	-0.06903182	-2.438449	-1.192691	-0.3282255	-1.266942	0.4028705	-1.792245	-4.879024	-1.420244	-0.9393883	5.19444	0.7307269	276.4167	285.5096	0	0	332.192	291.2292	404.8817	289.2615	0	0	460.9079	282.4929	369.6463	364.7453	0	0						
AFDES	20160317	Medit F10disgustface Forward-3	0	MALE	test	TestImage	Emotient FACET	5840	5840			144	5840	1	207	200	306	306	-3.062683	0	-1.291678	0	-5.236843	0	-3.47097	0	-2.807752	0	3.608084	0	-5.18391	0	-5.536791	0	-5.253897	0	-5.026134	0	-3.062683	0	3.608084	0	-1.681244	-0.8178148	0.7108656	-1.274754	0.9598054	1.170441	2.871619	2.795241	-0.5480782	-2.023743	-1.214447	0.04630439	-2.213402	-1.19446	-0.1804309	-1.051458	0.2812134	-1.725594	-4.598479	-1.423574	-0.5520783	5.260983	0.6395239	276.7022	286.1946	0	0	332.067	290.6837	406.4243	288.2804	0	0	460.1578	282.5539	368.2894	364.2823	0	0						
AFDES	20160317	Medit F10disgustface Forward-3	0	MALE	test	TestImage	Emotient FACET	5880	5880			145	5880	1	207	200	305	305	-3.091064	0	-1.259383	0	-5.220004	0	-3.453808	0	-2.825486	0	3.613606	0	-5.194349	0	-5.562331	0	-5.28412	0	-4.999147	0	-3.091064	0	3.613606	0	-1.703955	-0.8197967	0.6575028	-1.273253	0.9305	1.123774	2.798275	2.832117	-0.5704816	-2.031311	-1.228186	0.05514053	-2.275254	-1.219058	-0.1899137	-1.074152	0.2711213	-1.727424	-4.603483	-1.447889	-0.7310331	5.299754	0.5037959	277.056	286.2085	0	0	332.2477	290.896	407.1042	288.7884	0	0	459.8506	282.6917	368.1085	364.6	0	0						
AFDES	20160317	Medit F10disgustface Forward-3	0	MALE	test	TestImage	Emotient FACET	5920	5920			146	5920	1	207	200	307	307	-3.156009	0	-1.39974	0	-5.324829	0	-3.542072	0	-2.921576	0	3.706918	0	-5.201489	0	-5.662584	0	-5.437579	0	-5.215388	0	-3.156009	0	3.706918	0	-1.69314	-0.8321902	0.7527912	-1.335527	0.9645008	1.211905	2.961848	2.868011	-0.6074232	-2.103815	-1.230283	0.03483186	-2.257201	-1.233561	-0.1569397	-1.087224	0.3460657	-1.729149	-4.777828	-1.428763	-0.4896179	5.068954	0.5267336	277.0418	286.1484	0	0	332.4119	290.9806	407.6695	288.3975	0	0	460.8398	282.5712	368.722	364.5306	0	0						
AFDES	20160317	Medit F10disgustface Forward-3	0	MALE	test	TestImage	Emotient FACET	5960	5960			147	5960	1	207	200	306	306	-3.162524	0	-1.35762	0	-5.29571	0	-3.502835	0	-2.911458	0	3.697426	0	-5.174245	0	-5.593895	0	-5.38897	0	-5.152747	0	-3.162524	0	3.697426	0	-1.693516	-0.8365968	0.7514045	-1.331661	0.9550055	1.18685	2.920549	2.84937	-0.6038542	-2.094685	-1.23975	0.04097617	-2.299982	-1.220539	-0.184628	-1.097818	0.3180678	-1.745129	-4.727686	-1.423736	-0.4573593	5.008512	0.5753346	277.3129	286.2367	0	0	332.5403	291.1418	407.9223	288.5076	0	0	460.8713	282.3782	367.9363	364.5111	0	0						
AFDES	20160317	Medit F10disgustface Forward-3	0	MALE	test	TestImage	Emotient FACET	6000	6000			148	6000	1	207	200	307	307	-3.104256	0	-1.424124	0	-5.24637	0	-3.527696	0	-2.883833	0	3.668913	0	-5.190856	0	-5.725372	0	-5.447633	0	-5.178111	0	-3.104256	0	3.668913	0	-1.657664	-0.7980665	0.7421534	-1.305187	0.9221241	1.177946	2.941778	2.828928	-0.5918836	-2.078899	-1.217637	0.03022099	-2.208468	-1.241966	-0.1984865	-1.075954	0.3243625	-1.735752	-4.779173	-1.422808	-0.2692893	5.210022	0.5493789	277.4452	286.2208	0	0	332.5007	291.1181	407.7149	287.8187	0	0	460.834	282.4713	368.8547	365.3073	0	0						
