#Study : AFDES
#Date : 20160317 11:57:14
#Version : 5.7.2389.1
#TestRunDate : 20160317 11:53:12.626 (+01:00)

StudyName	ExportDate	Name	Age	Gender	StimulusName	SlideType	EventSource	Timestamp	MediaTime	PostMarker	Annotation	FrameNo	FrameTime	NoOfFaces	FaceRect X	FaceRect Y	FaceRect Width	FaceRect Height	Joy Evidence	Joy Intensity	Anger Evidence	Anger Intensity	Surprise Evidence	Surprise Intensity	Fear Evidence	Fear Intensity	Contempt Evidence	Contempt Intensity	Disgust Evidence	Disgust Intensity	Sadness Evidence	Sadness Intensity	Confusion Evidence	Confusion Intensity	Frustration Evidence	Frustration Intensity	Neutral Evidence	Neutral Intensity	Positive Evidence	Positive Intensity	Negative Evidence	Negative Intensity	AU1 Evidence	AU2 Evidence	AU4 Evidence	AU5 Evidence	AU6 Evidence	AU7 Evidence	AU9 Evidence	AU10 Evidence	AU12 Evidence	AU14 Evidence	AU15 Evidence	AU17 Evidence	AU18 Evidence	AU20 Evidence	AU23 Evidence	AU24 Evidence	AU25 Evidence	AU26 Evidence	AU28 Evidence	AU43 Evidence	Yaw Degrees	Pitch Degrees	Roll Degrees	LEFT_EYE_LATERAL X	LEFT_EYE_LATERAL Y	LEFT_EYE_PUPIL X	LEFT_EYE_PUPIL Y	LEFT_EYE_MEDIAL X	LEFT_EYE_MEDIAL Y	RIGHT_EYE_MEDIAL X	RIGHT_EYE_MEDIAL Y	RIGHT_EYE_PUPIL X	RIGHT_EYE_PUPIL Y	RIGHT_EYE_LATERAL X	RIGHT_EYE_LATERAL Y	NOSE_TIP X	NOSE_TIP Y	7 X	7 Y	LiveMarker	KeyStroke	MarkerText	SceneType	SceneOutput	SceneParent
AFDES	20160317	Medit F08angerface Forward-2	0	MALE	test	TestImage	Emotient FACET	80	80			0	80	1	172	171	309	309	-7.217184	0	-4.028869	0	-3.250688	0	-2.340827	0	-1.789149	0	-3.172159	0	-1.747444	0	-1.8179	0	-3.23018	0	2.783099	0	-7.217184	0	-1.747444	0	-0.06286166	0.2397571	-1.39881	-1.33288	-2.056957	-1.685605	-5.794165	-1.70172	-3.019746	-2.779562	-1.131667	-1.988453	-3.36929	-1.506652	-2.220082	-2.3075	-2.348584	-2.755865	-5.530487	-2.367278	-0.04964975	-1.551666	0.6355382	239.0257	261.9326	0	0	298.2958	265.2095	372.8574	262.4128	0	0	432.0863	256.6512	335.0704	327.533	0	0						
AFDES	20160317	Medit F08angerface Forward-2	0	MALE	test	TestImage	Emotient FACET	120	120			1	120	1	173	173	307	307	-7.315338	0	-3.867212	0	-3.608016	0	-2.583293	0	-1.66347	0	-2.765497	0	-1.548981	0	-1.290029	0	-2.897327	0	2.737391	0	-7.315338	0	-1.548981	0	0.1653601	0.4236959	-1.192783	-1.615788	-1.772956	-1.608583	-5.521833	-1.614882	-3.028608	-2.877355	-1.20062	-2.088711	-3.558398	-1.598601	-2.358689	-2.400308	-2.452811	-2.973456	-5.793612	-1.649178	0.2343602	-1.770727	0.4773066	240.8678	264.5762	0	0	298.2193	266.192	372.0405	263.9719	0	0	433.549	258.2532	334.05	327.7252	0	0						
AFDES	20160317	Medit F08angerface Forward-2	0	MALE	test	TestImage	Emotient FACET	160	160			2	160	1	174	174	307	307	-7.388364	0	-3.338161	0	-6.748242	0	-4.099867	0	-1.641101	0	-1.838377	0	-0.8035197	0	-0.1616011	0	-2.059881	0	2.192481	0	-7.388364	0	-0.8035197	0	0.5411698	0.6949058	-1.116979	-3.20974	-1.567067	-0.9979047	-3.93956	-1.548676	-2.65921	-2.869115	-0.850799	-1.876699	-3.086056	-1.475958	-2.091694	-1.998571	-2.370955	-2.959942	-5.769511	0.5180083	0.567983	-2.473149	0.4173664	238.7045	268.2485	0	0	302.9049	266.9299	372.1417	263.4922	0	0	433.3264	257.8935	332.8286	328.0375	0	0						
AFDES	20160317	Medit F08angerface Forward-2	0	MALE	test	TestImage	Emotient FACET	200	200			3	200	1	175	175	306	306	-7.177669	0	-3.286376	0	-7.040836	0	-3.921882	0	-1.534857	0	-1.913367	0	-0.6711001	0	-0.2034104	0	-2.035584	0	2.116194	0	-7.177669	0	-0.6711001	0	0.5042304	0.6246219	-1.094448	-3.478915	-1.989527	-1.385407	-4.038211	-1.532223	-2.494928	-2.709347	-0.7590151	-1.771876	-2.999824	-1.390262	-2.037363	-1.921865	-2.529238	-3.041151	-5.676834	1.247787	0.6345717	-2.162684	0.4765835	238.6816	270.1184	0	0	305.7173	264.6336	371.721	263.686	0	0	433.6154	259.4904	333.1002	327.7234	0	0						
AFDES	20160317	Medit F08angerface Forward-2	0	MALE	test	TestImage	Emotient FACET	240	240			4	240	1	174	174	308	308	-7.484159	0	-3.310786	0	-7.230462	0	-4.050879	0	-1.6116	0	-1.608274	0	-0.69102	0	-0.1806781	0	-2.058534	0	2.069855	0	-7.484159	0	-0.69102	0	0.5708117	0.6591101	-1.106489	-3.359895	-1.749762	-1.136196	-3.75475	-1.452058	-2.631256	-2.879189	-0.7349677	-1.835	-3.095601	-1.489576	-2.092834	-2.003504	-2.414034	-3.062512	-5.784435	0.7861103	0.6233187	-2.283503	0.4698238	237.547	269.4591	0	0	304.5044	265.5503	372.2003	264.9041	0	0	433.6341	258.7661	332.9864	327.6484	0	0						
AFDES	20160317	Medit F08angerface Forward-2	0	MALE	test	TestImage	Emotient FACET	280	280			5	280	1	173	173	310	310	-7.216077	0	-3.498764	0	-6.791812	0	-3.798247	0	-1.577111	0	-1.718622	0	-0.7642832	0	-0.3288867	0	-2.118578	0	2.059551	0	-7.216077	0	-0.7642832	0	0.5845591	0.711903	-1.143468	-3.047148	-1.436714	-0.8846866	-3.834279	-1.554574	-2.629509	-2.820029	-0.8033157	-1.820742	-3.178954	-1.396505	-2.06023	-1.933263	-2.306831	-2.982949	-5.546046	0.1400268	0.5854241	-1.986466	0.5921891	238.4381	268.1034	0	0	300.8401	267.6111	372.405	263.8064	0	0	434.8369	257.9318	333.2117	327.0159	0	0						
AFDES	20160317	Medit F08angerface Forward-2	0	MALE	test	TestImage	Emotient FACET	320	320			6	320	1	171	173	311	311	-7.105761	0	-3.541023	0	-5.961541	0	-3.474527	0	-1.538865	0	-1.800719	0	-0.9902554	0	-0.4305992	0	-2.146976	0	2.219458	0	-7.105761	0	-0.9902554	0	0.5367104	0.7396911	-1.178569	-2.398461	-1.117707	-0.708375	-4.356882	-1.640497	-2.790668	-2.851627	-1.070748	-2.053963	-3.59934	-1.440105	-2.255674	-2.136972	-2.249605	-3.023268	-5.545868	-0.6945841	-0.2108006	-2.424455	0.4586829	238.2879	266.1878	0	0	297.0105	267.5053	372.2537	264.2742	0	0	433.9214	258.1078	333.327	327.6582	0	0						
AFDES	20160317	Medit F08angerface Forward-2	0	MALE	test	TestImage	Emotient FACET	360	360			7	360	1	170	172	312	312	-7.114022	0	-3.623415	0	-5.536858	0	-3.399715	0	-1.623203	0	-1.898749	0	-1.001505	0	-0.5921012	0	-2.332043	0	2.296928	0	-7.114022	0	-1.001505	0	0.427092	0.6376878	-1.130365	-2.152727	-1.077062	-0.7220402	-4.541296	-1.620524	-2.845288	-2.875859	-0.9462277	-2.002317	-3.665049	-1.476448	-2.295123	-2.201103	-2.302182	-3.045532	-5.488858	-1.037873	0.1715353	-2.3666	0.4789687	238.326	265.528	0	0	295.5947	267.2033	372.0624	264.4927	0	0	434.2638	257.6401	333.04	327.5354	0	0						
AFDES	20160317	Medit F08angerface Forward-2	0	MALE	test	TestImage	Emotient FACET	400	400			8	400	1	171	172	311	311	-7.08773	0	-3.774814	0	-4.800252	0	-2.864123	0	-1.551723	0	-2.345167	0	-1.239395	0	-0.8792347	0	-2.542181	0	2.461482	0	-7.08773	0	-1.239395	0	0.3559722	0.5440859	-1.178459	-1.807569	-1.374985	-1.047666	-5.094514	-1.701205	-2.910561	-2.77186	-1.134642	-2.082763	-3.693864	-1.443907	-2.195133	-2.234606	-2.353968	-3.037432	-5.65525	-1.429457	0.07868641	-2.539355	0.5061246	239.9607	265.3373	0	0	296.4584	266.4229	373.4731	264.2384	0	0	434.4472	257.5538	333.4359	327.1957	0	0						
AFDES	20160317	Medit F08angerface Forward-2	0	MALE	test	TestImage	Emotient FACET	440	440			9	440	1	172	172	309	309	-7.296109	0	-3.911459	0	-4.462479	0	-3.012047	0	-1.658759	0	-2.537718	0	-1.427075	0	-1.107904	0	-2.808959	0	2.638612	0	-7.296109	0	-1.427075	0	0.2687514	0.4867418	-1.245071	-1.740605	-1.576485	-1.24556	-5.318155	-1.775993	-3.001075	-2.846728	-1.120551	-2.081616	-3.640507	-1.5604	-2.202399	-2.343379	-2.443792	-3.070116	-5.914272	-1.603499	-0.644106	-2.94509	0.4664823	240.2906	265.2394	0	0	297.9161	265.5553	372.9989	264.0084	0	0	434.2212	257.0422	334.0828	327.3162	0	0						
AFDES	20160317	Medit F08angerface Forward-2	0	MALE	test	TestImage	Emotient FACET	480	480			10	480	1	172	172	310	310	-7.186678	0	-4.025022	0	-4.340897	0	-2.746205	0	-1.635177	0	-2.588607	0	-1.38933	0	-1.242609	0	-2.936745	0	2.621191	0	-7.186678	0	-1.38933	0	0.2738606	0.4734012	-1.230651	-1.582064	-1.616346	-1.297654	-5.456042	-1.740751	-3.002791	-2.842387	-1.146928	-2.113851	-3.715338	-1.480173	-2.278991	-2.366887	-2.43861	-3.098831	-5.914842	-1.819235	-0.7736812	-2.840514	0.4610203	240.2012	265.1284	0	0	296.4863	265.655	372.9059	263.9937	0	0	433.9749	256.7605	334.2335	327.2255	0	0						
AFDES	20160317	Medit F08angerface Forward-2	0	MALE	test	TestImage	Emotient FACET	520	520			11	520	1	172	172	309	309	-7.316864	0	-4.077009	0	-3.968	0	-2.589141	0	-1.729033	0	-2.659249	0	-1.427354	0	-1.467203	0	-3.167415	0	2.650308	0	-7.316864	0	-1.427354	0	0.2603626	0.4767529	-1.257957	-1.403018	-1.735382	-1.41875	-5.591988	-1.724092	-3.063934	-2.894276	-1.066882	-2.086946	-3.643314	-1.515839	-2.325073	-2.409828	-2.464287	-3.102264	-6.022253	-1.987336	-0.6078987	-2.684725	0.4864024	240.3687	264.9731	0	0	296.4486	265.5668	372.7396	263.3887	0	0	433.7502	256.8657	334.4531	327.2922	0	0						
AFDES	20160317	Medit F08angerface Forward-2	0	MALE	test	TestImage	Emotient FACET	560	560			12	560	1	172	172	309	309	-7.35535	0	-4.04222	0	-3.790394	0	-2.519298	0	-1.775281	0	-2.679165	0	-1.485423	0	-1.510158	0	-3.190623	0	2.675159	0	-7.35535	0	-1.485423	0	0.2374259	0.4661955	-1.23685	-1.310796	-1.676086	-1.396927	-5.642539	-1.70074	-3.075578	-2.917178	-1.103362	-2.117918	-3.637148	-1.611382	-2.393263	-2.43254	-2.503901	-3.144186	-6.110948	-2.099228	-0.8089508	-2.565709	0.4693277	240.0905	264.5374	0	0	297.0403	266.0378	371.8034	262.6732	0	0	433.4743	257.0521	334.2322	327.3479	0	0						
AFDES	20160317	Medit F08angerface Forward-2	0	MALE	test	TestImage	Emotient FACET	600	600			13	600	1	171	171	309	309	-7.543842	0	-4.066432	0	-3.756485	0	-2.63613	0	-1.907064	0	-2.796512	0	-1.563826	0	-1.635004	0	-3.284715	0	2.754999	0	-7.543842	0	-1.563826	0	0.1103714	0.3685578	-1.340483	-1.362248	-1.875653	-1.512035	-5.635184	-1.678473	-3.154636	-2.944225	-0.980477	-2.044649	-3.463867	-1.599657	-2.3165	-2.38472	-2.468031	-3.052315	-5.952516	-2.217588	-0.1771317	-1.986973	0.5531361	239.0852	262.5656	0	0	296.7358	265.6476	371.914	262.8716	0	0	432.6132	256.5446	334.9011	327.2816	0	0						
AFDES	20160317	Medit F08angerface Forward-2	0	MALE	test	TestImage	Emotient FACET	640	640			14	640	1	173	171	309	309	-7.139431	0	-4.165743	0	-3.700125	0	-2.648881	0	-1.790804	0	-2.908677	0	-1.592965	0	-1.69681	0	-3.270211	0	2.759809	0	-7.139431	0	-1.592965	0	0.09488247	0.3567398	-1.366151	-1.339399	-1.82535	-1.466677	-5.732848	-1.792246	-3.039397	-2.826234	-1.172385	-2.099889	-3.503112	-1.541535	-2.294687	-2.37215	-2.437364	-2.974784	-5.888904	-2.353283	-0.3149943	-2.083178	0.436572	240.237	263.6487	0	0	297.1766	265.4779	371.2791	261.0706	0	0	433.6524	256.0298	335.3262	327.1782	0	0						
AFDES	20160317	Medit F08angerface Forward-2	0	MALE	test	TestImage	Emotient FACET	680	680			15	680	1	172	171	309	309	-7.204105	0	-4.081388	0	-3.624413	0	-2.740187	0	-1.837675	0	-2.993645	0	-1.647264	0	-1.710507	0	-3.225532	0	2.796569	0	-7.204105	0	-1.647264	0	-0.02284002	0.2448457	-1.435218	-1.449108	-1.926957	-1.532672	-5.622549	-1.752219	-3.038341	-2.830333	-1.084072	-1.995926	-3.334858	-1.542164	-2.173101	-2.311781	-2.364244	-2.828445	-5.681242	-2.261641	-0.3024192	-2.017357	0.4198559	239.7053	262.1572	0	0	297.7147	264.7264	371.93	261.063	0	0	432.5838	255.8374	335.2282	327.2103	0	0						
AFDES	20160317	Medit F08angerface Forward-2	0	MALE	test	TestImage	Emotient FACET	720	720			16	720	1	173	171	309	309	-7.421994	0	-4.206309	0	-3.378942	0	-2.542838	0	-1.815212	0	-3.048292	0	-1.857469	0	-1.978971	0	-3.472772	0	2.827156	0	-7.421994	0	-1.815212	0	0.09222651	0.3806987	-1.503446	-1.342244	-2.057245	-1.710448	-5.976126	-1.742692	-3.069876	-2.856071	-1.072833	-1.99259	-3.356825	-1.708227	-2.279057	-2.362204	-2.495518	-2.987907	-5.944658	-2.36484	-0.3883007	-2.515818	0.7482766	240.7359	261.9815	0	0	298.9125	264.6914	372.4873	262.2655	0	0	434.5517	256.7001	335.2196	326.3845	0	0						
AFDES	20160317	Medit F08angerface Forward-2	0	MALE	test	TestImage	Emotient FACET	760	760			17	760	1	172	171	310	310	-7.412538	0	-4.14398	0	-3.607814	0	-2.725798	0	-1.893523	0	-3.105523	0	-1.739571	0	-1.784168	0	-3.320644	0	2.877127	0	-7.412538	0	-1.739571	0	-0.0546903	0.2125679	-1.48169	-1.354541	-2.037298	-1.589904	-5.764635	-1.801435	-3.106071	-2.870491	-1.098588	-2.053349	-3.316517	-1.674636	-2.268791	-2.347769	-2.431334	-2.926935	-5.850828	-2.483474	-0.4965162	-1.88033	0.3135741	240.2479	261.8339	0	0	297.9726	264.7834	371.4008	261.1089	0	0	434.2006	256.43	335.4587	327.0646	0	0						
AFDES	20160317	Medit F08angerface Forward-2	0	MALE	test	TestImage	Emotient FACET	800	800			18	800	1	173	171	308	308	-7.305651	0	-4.064081	0	-3.244627	0	-2.394122	0	-1.853872	0	-3.11141	0	-1.822585	0	-1.888444	0	-3.347325	0	2.791042	0	-7.305651	0	-1.822585	0	0.03532675	0.3312604	-1.418435	-1.278305	-1.937344	-1.596375	-5.940331	-1.743505	-3.049922	-2.875715	-1.129844	-2.079769	-3.42831	-1.672938	-2.267256	-2.406501	-2.450332	-2.927542	-5.895692	-2.330841	-0.509268	-1.78156	0.3005817	240.6261	261.4594	0	0	298.5466	265.2523	372.2285	261.1595	0	0	433.1838	257.1645	335.6125	327.3183	0	0						
AFDES	20160317	Medit F08angerface Forward-2	0	MALE	test	TestImage	Emotient FACET	840	840			19	840	1	172	171	309	309	-7.354694	0	-4.017341	0	-3.347861	0	-2.491247	0	-1.840346	0	-3.152725	0	-1.77403	0	-1.808172	0	-3.266536	0	2.834812	0	-7.354694	0	-1.77403	0	-0.01833052	0.2629891	-1.409804	-1.298316	-1.9817	-1.627677	-5.826234	-1.764014	-3.069454	-2.86609	-1.065951	-2.047178	-3.386983	-1.691024	-2.297793	-2.369348	-2.49881	-2.953867	-5.784108	-2.380489	0.4662532	-1.309798	0.3829488	240.1589	261.028	0	0	298.6409	264.8724	372.6874	262.8685	0	0	433.1066	256.8942	336.0778	327.7308	0	0						
AFDES	20160317	Medit F08angerface Forward-2	0	MALE	test	TestImage	Emotient FACET	880	880			20	880	1	173	171	308	308	-7.132785	0	-4.046185	0	-3.105742	0	-2.301114	0	-1.820496	0	-3.0954	0	-1.820393	0	-1.963335	0	-3.35957	0	2.766655	0	-7.132785	0	-1.820393	0	-0.08383432	0.2068207	-1.439476	-1.165722	-1.987587	-1.594581	-5.869021	-1.727924	-3.04673	-2.814869	-1.12754	-1.993042	-3.420188	-1.580931	-2.233665	-2.383397	-2.353556	-2.804624	-5.725823	-2.527964	0.05350047	-1.37557	0.5324572	240.6935	261.9424	0	0	298.9577	265.1998	372.2787	261.4734	0	0	433.3787	256.7102	336.2344	327.634	0	0						
AFDES	20160317	Medit F08angerface Forward-2	0	MALE	test	TestImage	Emotient FACET	920	920			21	920	1	173	171	309	309	-7.069009	0	-4.109793	0	-3.160458	0	-2.229026	0	-1.830629	0	-3.110983	0	-1.823562	0	-2.054224	0	-3.439592	0	2.762228	0	-7.069009	0	-1.823562	0	-0.1275034	0.1719012	-1.452828	-1.075689	-2.006453	-1.555228	-5.889437	-1.787859	-3.040544	-2.763638	-1.146196	-1.986351	-3.501327	-1.510358	-2.238018	-2.377159	-2.330374	-2.791905	-5.71605	-2.755869	0.1023576	-1.329939	0.4966789	240.143	262.2796	0	0	299.0158	264.8873	372.2937	261.1508	0	0	433.4798	256.6812	336.4378	327.4383	0	0						
AFDES	20160317	Medit F08angerface Forward-2	0	MALE	test	TestImage	Emotient FACET	960	960			22	960	1	173	171	308	308	-7.316284	0	-3.904199	0	-3.15734	0	-2.210271	0	-1.74283	0	-3.140858	0	-1.844209	0	-1.818794	0	-3.239211	0	2.761111	0	-7.316284	0	-1.74283	0	0.02989124	0.3031015	-1.362943	-1.106472	-1.989215	-1.651219	-6.009345	-1.785131	-3.047008	-2.815267	-1.139646	-2.076372	-3.538356	-1.692039	-2.388404	-2.432353	-2.572482	-3.049081	-5.834027	-2.334874	-0.1578045	-1.618514	0.3858793	240.1965	260.7673	0	0	299.4021	265.3859	374.4316	262.0706	0	0	433.0543	258.6344	335.9869	326.6951	0	0						
AFDES	20160317	Medit F08angerface Forward-2	0	MALE	test	TestImage	Emotient FACET	1000	1000			23	1000	1	173	171	308	308	-7.415659	0	-3.913602	0	-3.121829	0	-2.240655	0	-1.770706	0	-3.182196	0	-1.916677	0	-1.931067	0	-3.321856	0	2.773115	0	-7.415659	0	-1.770706	0	0.01706806	0.2907997	-1.394196	-1.075902	-2.010079	-1.668332	-6.056892	-1.812059	-3.0989	-2.836207	-1.139889	-2.069744	-3.569671	-1.734205	-2.393912	-2.452619	-2.616923	-3.088102	-5.839533	-2.448267	-0.09116577	-1.574023	0.3303596	240.3868	260.7662	0	0	298.982	264.3572	373.7542	261.8288	0	0	433.1597	258.618	336.0449	326.6489	0	0						
AFDES	20160317	Medit F08angerface Forward-2	0	MALE	test	TestImage	Emotient FACET	1040	1040			24	1040	1	172	171	310	310	-7.546871	0	-4.02293	0	-3.122248	0	-2.022609	0	-1.851041	0	-3.086855	0	-1.909273	0	-2.040785	0	-3.54637	0	2.795807	0	-7.546871	0	-1.851041	0	0.0163628	0.3056784	-1.372864	-0.8180031	-2.05634	-1.653793	-6.093586	-1.774608	-3.18353	-2.897271	-1.189446	-2.1565	-3.723236	-1.760701	-2.534635	-2.563935	-2.625434	-3.170838	-6.084737	-2.823968	-0.001368043	-1.319895	0.3474524	239.9499	260.9492	0	0	297.9593	264.8436	374.8423	261.8969	0	0	433.3116	258.6145	336.2986	326.4961	0	0						
AFDES	20160317	Medit F08angerface Forward-2	0	MALE	test	TestImage	Emotient FACET	1080	1080			25	1080	1	172	171	309	309	-7.458585	0	-3.933092	0	-3.061086	0	-2.043824	0	-1.823188	0	-3.139062	0	-1.860447	0	-1.998508	0	-3.458166	0	2.745669	0	-7.458585	0	-1.823188	0	0.01196217	0.2886426	-1.375223	-0.8363714	-2.064997	-1.657064	-6.067204	-1.791979	-3.152202	-2.863369	-1.14805	-2.110262	-3.651562	-1.756271	-2.501889	-2.501901	-2.617175	-3.108132	-5.9663	-2.712824	-0.162074	-1.255057	0.3508257	240.009	260.5562	0	0	297.8195	264.8929	374.6707	261.9604	0	0	433.1657	258.5273	335.7533	326.3723	0	0						
AFDES	20160317	Medit F08angerface Forward-2	0	MALE	test	TestImage	Emotient FACET	1120	1120			26	1120	1	172	171	310	310	-7.452853	0	-3.918153	0	-3.04899	0	-2.060943	0	-1.86578	0	-3.122876	0	-1.893178	0	-2.065661	0	-3.495909	0	2.75255	0	-7.452853	0	-1.86578	0	-0.05804785	0.2335974	-1.411708	-0.8286663	-2.072601	-1.639233	-6.027168	-1.778108	-3.148064	-2.854947	-1.117915	-2.09895	-3.644902	-1.762822	-2.45687	-2.493173	-2.580805	-3.062029	-5.939011	-2.844738	-0.1179916	-1.099013	0.343589	240.1806	260.3034	0	0	297.4557	265.0424	374.6083	260.9304	0	0	433.0826	258.5421	335.6276	326.751	0	0						
AFDES	20160317	Medit F08angerface Forward-2	0	MALE	test	TestImage	Emotient FACET	1160	1160			27	1160	1	172	171	309	309	-7.479975	0	-3.681084	0	-2.832162	0	-1.875541	0	-1.744648	0	-3.219057	0	-1.876523	0	-1.792048	0	-3.210956	0	2.661641	0	-7.479975	0	-1.744648	0	-0.05999432	0.1990598	-1.326013	-0.8432103	-2.093922	-1.628064	-5.945691	-1.828034	-3.12062	-2.751655	-1.199258	-2.088486	-3.56979	-1.764858	-2.398035	-2.449515	-2.549439	-2.963768	-5.6937	-2.510493	-0.4274057	-1.354332	0.2850413	239.7137	259.7632	0	0	298.679	263.977	374.5127	261.9842	0	0	432.6431	258.9992	335.1537	326.2098	0	0						
AFDES	20160317	Medit F08angerface Forward-2	0	MALE	test	TestImage	Emotient FACET	1200	1200			28	1200	1	172	171	309	309	-7.413352	0	-3.752784	0	-2.892077	0	-1.78138	0	-1.93771	0	-2.95503	0	-1.895396	0	-2.110491	0	-3.514267	0	2.651002	0	-7.413352	0	-1.78138	0	-0.1016886	0.2269178	-1.31908	-0.6087258	-1.979683	-1.577651	-5.877544	-1.611017	-3.11083	-2.782262	-1.020668	-2.020439	-3.640209	-1.623684	-2.439765	-2.489364	-2.543993	-3.06374	-5.986853	-3.047374	-0.3333997	-0.930571	0.1472684	239.9146	261.8582	0	0	298.6975	264.9896	374.5221	262.9924	0	0	432.8407	257.3025	335.3035	327.2092	0	0						
AFDES	20160317	Medit F08angerface Forward-2	0	MALE	test	TestImage	Emotient FACET	1240	1240			29	1240	1	172	171	311	311	-7.626489	0	-3.415195	0	-3.264431	0	-1.913006	0	-2.07924	0	-2.77897	0	-1.673886	0	-1.660566	0	-3.203102	0	2.635194	0	-7.626489	0	-1.673886	0	-0.4682232	-0.1554183	-1.241304	-0.737608	-2.035267	-1.457912	-5.274107	-1.581094	-3.194452	-2.753859	-1.007364	-1.984877	-3.521627	-1.555145	-2.306142	-2.434127	-2.442406	-2.97419	-5.784764	-3.09682	-0.007976308	-0.7221652	-0.04940939	239.6803	262.3842	0	0	298.4578	264.8622	373.7478	262.0793	0	0	433.7867	258.0458	335.4825	328.0793	0	0						
AFDES	20160317	Medit F08angerface Forward-2	0	MALE	test	TestImage	Emotient FACET	1280	1280			30	1280	1	170	170	311	311	-7.948079	0	-2.278037	0	-4.017264	0	-2.572906	0	-2.24337	0	-2.728167	0	-1.109735	0	-0.002179233	0	-1.777945	0	2.426265	0	-7.948079	0	-1.109735	0	-0.8632363	-0.8626198	-0.6883379	-1.205421	-2.01685	-1.149045	-4.033991	-1.641201	-3.180068	-2.605335	-0.9889021	-1.989774	-3.064573	-1.61855	-2.210702	-2.176142	-2.540067	-2.848338	-5.307254	-2.729901	-0.668672	-0.5506764	-0.05796521	239.0436	261.1165	0	0	298.7809	263.8969	371.6659	260.67	0	0	433.4361	258.3849	333.9944	328.3956	0	0						
AFDES	20160317	Medit F08angerface Forward-2	0	MALE	test	TestImage	Emotient FACET	1320	1320			31	1320	1	170	171	311	311	-8.103011	0	-1.326121	0	-4.249115	0	-2.282405	0	-2.21944	0	-2.225162	0	-0.6939406	0	1.120289	0	-0.8593656	0	1.777869	0	-8.103011	0	-0.6939406	0	-0.6379849	-0.8649296	-0.1537437	-1.170568	-1.619391	-0.6932144	-3.27252	-1.510083	-3.072768	-2.464786	-0.9194412	-1.946401	-2.968417	-1.797574	-2.20768	-2.07587	-2.566366	-2.943492	-5.116152	-2.362823	-1.283577	-0.4580856	-0.448361	237.4171	262.4605	0	0	300.4902	264.9301	373.2786	261.5511	0	0	432.1887	259.9613	333.3507	329.4355	0	0						
AFDES	20160317	Medit F08angerface Forward-2	0	MALE	test	TestImage	Emotient FACET	1360	1360			32	1360	1	169	171	313	313	-8.387316	0	-0.7154981	0	-5.150151	0	-2.589103	0	-2.42093	0	-1.944101	0	-0.5248077	0	1.771366	0	-0.1830117	0	0.9633642	0	-8.387316	0	-0.5248077	0	-0.4713561	-1.203039	0.5231538	-1.426405	-1.509313	-0.2895482	-2.781275	-1.419718	-3.09127	-2.257756	-0.7586169	-1.705644	-2.735975	-1.672642	-2.139986	-1.8499	-2.593965	-3.123183	-4.829679	-2.137763	-1.707932	-0.4151082	-0.1932194	238.0675	262.8968	0	0	299.4158	265.4401	373.8893	260.9745	0	0	434.0515	260.595	333.1291	329.8036	0	0						
AFDES	20160317	Medit F08angerface Forward-2	0	MALE	test	TestImage	Emotient FACET	1400	1400			33	1400	1	171	172	310	310	-9.019393	0	-0.4278138	0	-5.145839	0	-2.663265	0	-2.73795	0	-2.359578	0	-0.6584932	0	2.012922	0	0.003089878	0	0.7777252	0	-9.019393	0	-0.4278138	0	-0.4127578	-1.347445	0.7245044	-1.508702	-1.686341	-0.2119925	-3.079358	-1.567533	-3.307154	-2.366965	-0.9282867	-1.87056	-2.608744	-1.802528	-2.201298	-1.925991	-2.738357	-3.200967	-5.366254	-1.93129	-1.190059	-0.01089973	-0.0651512	237.6204	262.9009	0	0	300.0538	264.9876	375.4504	262.845	0	0	431.643	260.3118	335.1985	328.1628	0	0						
AFDES	20160317	Medit F08angerface Forward-2	0	MALE	test	TestImage	Emotient FACET	1440	1440			34	1440	1	171	172	310	310	-9.239244	0	-0.2770359	0	-5.362318	0	-2.670525	0	-2.921153	0	-2.438343	0	-0.5957477	0	2.110908	0	0.1143246	0	0.4792281	0	-9.239244	0	-0.2770359	0	-0.365248	-1.508093	0.9890594	-1.540874	-1.823512	-0.1714636	-3.17192	-1.597401	-3.398758	-2.35466	-0.9068681	-1.846155	-2.475959	-1.746739	-2.179902	-1.875613	-2.735199	-3.242347	-5.434093	-1.920572	-1.837718	-0.5537547	0.1542632	239.4462	263.6639	0	0	299.0292	264.9455	373.8837	260.8334	0	0	433.2109	260.231	334.2595	329.1771	0	0						
AFDES	20160317	Medit F08angerface Forward-2	0	MALE	test	TestImage	Emotient FACET	1480	1480			35	1480	1	172	172	310	310	-9.49666	0	-0.04615551	0	-5.652126	0	-2.737346	0	-3.049634	0	-2.503174	0	-0.6078628	0	2.279219	0	0.33918	0	0.1327373	0	-9.49666	0	-0.04615551	0	-0.2405729	-1.63308	1.295202	-1.62833	-1.851171	-0.05965946	-3.200228	-1.618595	-3.515409	-2.361511	-0.9947934	-1.818442	-2.520335	-1.776671	-2.189595	-1.911628	-2.82611	-3.35393	-5.525596	-1.723686	-1.85398	-0.5596031	0.2563397	240.41	264.469	0	0	298.8994	265.0544	374.8836	260.4293	0	0	433.7098	260.5257	334.4922	328.9725	0	0						
AFDES	20160317	Medit F08angerface Forward-2	0	MALE	test	TestImage	Emotient FACET	1520	1520			36	1520	1	171	172	311	311	-9.462861	0	0.1122397	0	-5.975816	0	-2.950948	0	-3.01867	0	-2.239051	0	-0.6607331	0	2.46618	0	0.5063877	0	-0.0316681	0	-9.462861	0	0.1122397	0	-0.190049	-1.72877	1.378852	-1.634949	-1.642295	0.1756313	-2.875771	-1.576489	-3.478489	-2.307471	-1.013152	-1.835519	-2.393963	-1.884784	-2.187486	-1.887399	-2.812125	-3.428082	-5.428532	-1.826334	-1.85315	-0.5015032	0.1540654	239.5269	264.4142	0	0	299.5474	265.2896	374.4731	261.3266	0	0	434.1416	261.4706	334.2097	329.387	0	0						
AFDES	20160317	Medit F08angerface Forward-2	0	MALE	test	TestImage	Emotient FACET	1560	1560			37	1560	1	171	172	311	311	-9.529257	0	0.1863197	0	-6.091959	0	-3.099757	0	-3.08152	0	-2.239437	0	-0.7130321	0	2.558086	0	0.6004148	0	-0.1191671	0	-9.529257	0	0.1863197	0	-0.1990782	-1.807953	1.432013	-1.668206	-1.668048	0.2282661	-2.846274	-1.622968	-3.518142	-2.304724	-1.063931	-1.840983	-2.331499	-1.918107	-2.185599	-1.865914	-2.788594	-3.431123	-5.45351	-1.819591	-1.958396	-0.5268794	0.2768447	238.4288	264.3096	0	0	299.7356	265.4	374.0547	261.6559	0	0	434.0402	261.5616	334.9483	328.5498	0	0						
AFDES	20160317	Medit F08angerface Forward-2	0	MALE	test	TestImage	Emotient FACET	1600	1600			38	1600	1	172	173	309	309	-9.621499	0	0.1653978	0	-5.808878	0	-2.893355	0	-3.116222	0	-2.399568	0	-0.675703	0	2.45831	0	0.5434905	0	-0.1111983	0	-9.621499	0	0.1653978	0	-0.1533496	-1.751386	1.438011	-1.732951	-1.773854	0.07392211	-3.061988	-1.574624	-3.512275	-2.305994	-1.056684	-1.832897	-2.348785	-1.85359	-2.130552	-1.906683	-2.807207	-3.396079	-5.549393	-1.601948	-1.987479	-0.3520478	0.3120182	239.5102	264.7018	0	0	299.5301	265.151	373.8977	261.6219	0	0	433.4938	261.5602	334.9295	327.6653	0	0						
AFDES	20160317	Medit F08angerface Forward-2	0	MALE	test	TestImage	Emotient FACET	1640	1640			39	1640	1	172	172	310	310	-9.889452	0	0.2198243	0	-6.149583	0	-3.134928	0	-3.292989	0	-2.378454	0	-0.6521911	0	2.547446	0	0.5715269	0	-0.2845913	0	-9.889452	0	0.2198243	0	-0.1541376	-1.847157	1.540406	-1.759691	-1.802907	0.2100546	-2.919964	-1.608544	-3.604707	-2.352905	-0.9833973	-1.747864	-2.227304	-1.812418	-2.096349	-1.842365	-2.746492	-3.36038	-5.499493	-1.722712	-1.601372	-0.916698	0.3089744	240.0686	264.2468	0	0	299.7726	265.0988	373.8065	259.1688	0	0	434.5979	260.5431	333.4371	327.8607	0	0						
AFDES	20160317	Medit F08angerface Forward-2	0	MALE	test	TestImage	Emotient FACET	1680	1680			40	1680	1	172	172	309	309	-9.784773	0	0.2372966	0	-6.192587	0	-3.026735	0	-3.225002	0	-2.312442	0	-0.6591195	0	2.572392	0	0.6488163	0	-0.3773299	0	-9.784773	0	0.2372966	0	-0.1155213	-1.831946	1.583265	-1.762134	-1.724586	0.1844781	-3.002775	-1.554899	-3.532915	-2.31512	-1.04502	-1.759496	-2.400455	-1.746915	-2.114089	-1.916281	-2.847684	-3.458591	-5.608212	-1.521563	-1.610869	-0.9358776	0.3161983	240.1089	264.2488	0	0	299.5128	265.7588	373.3054	259.9371	0	0	433.9366	260.3945	334.2417	327.7611	0	0						
AFDES	20160317	Medit F08angerface Forward-2	0	MALE	test	TestImage	Emotient FACET	1720	1720			41	1720	1	173	172	308	308	-9.746044	0	0.3196491	0	-6.221873	0	-3.060277	0	-3.244618	0	-2.27779	0	-0.6968683	0	2.626572	0	0.7425582	0	-0.5019381	0	-9.746044	0	0.3196491	0	-0.109028	-1.881081	1.677975	-1.847828	-1.706658	0.2214776	-2.982991	-1.546135	-3.51181	-2.267039	-1.061864	-1.747447	-2.327818	-1.73159	-2.046087	-1.871127	-2.813607	-3.395812	-5.511561	-1.471433	-1.880701	-0.7811314	0.2772447	240.3396	265.0952	0	0	299.0051	264.6951	372.9762	259.0074	0	0	433.5511	260.4268	334.1132	327.0546	0	0						
AFDES	20160317	Medit F08angerface Forward-2	0	MALE	test	TestImage	Emotient FACET	1760	1760			42	1760	1	171	172	311	311	-9.855639	0	0.2540353	0	-6.574545	0	-3.243908	0	-3.2501	0	-2.116232	0	-0.6382992	0	2.598995	0	0.6114743	0	-0.4187793	0	-9.855639	0	0.2540353	0	-0.1162663	-1.881591	1.587972	-1.792508	-1.618261	0.3154977	-2.812277	-1.548324	-3.597984	-2.397346	-0.9566483	-1.758573	-2.460998	-1.836316	-2.174205	-1.96288	-2.849482	-3.537333	-5.682081	-1.599207	-2.037475	-1.022564	0.3750651	240.371	265.0154	0	0	298.692	265.7026	373.2209	259.1685	0	0	434.6073	260.7701	332.5739	329.2252	0	0						
AFDES	20160317	Medit F08angerface Forward-2	0	MALE	test	TestImage	Emotient FACET	1800	1800			43	1800	1	171	172	310	310	-9.772799	0	0.2147095	0	-6.442409	0	-3.283247	0	-3.162815	0	-2.190976	0	-0.6602581	0	2.578557	0	0.6229818	0	-0.2735688	0	-9.772799	0	0.2147095	0	-0.1342776	-1.845863	1.494072	-1.79429	-1.612979	0.2962573	-2.788342	-1.545671	-3.522437	-2.321898	-0.9793909	-1.755878	-2.352827	-1.898709	-2.151478	-1.895818	-2.843893	-3.48059	-5.586837	-1.715101	-2.246222	-0.7832887	0.3179044	239.1334	264.9579	0	0	298.6655	265.1628	373.6616	261.4401	0	0	433.9015	261.4475	333.574	327.6403	0	0						
AFDES	20160317	Medit F08angerface Forward-2	0	MALE	test	TestImage	Emotient FACET	1840	1840			44	1840	1	172	173	308	308	-9.859926	0	0.3896254	0	-6.280478	0	-3.210213	0	-3.259391	0	-2.270132	0	-0.6711749	0	2.64167	0	0.7831916	0	-0.4945694	0	-9.859926	0	0.3896254	0	-0.105088	-1.913647	1.651193	-1.875638	-1.686582	0.2701945	-2.836133	-1.52901	-3.522975	-2.23011	-1.011316	-1.708564	-2.184735	-1.867298	-2.027793	-1.814933	-2.821587	-3.383375	-5.445742	-1.572629	-2.115651	-0.5940441	0.2499828	238.7895	264.9951	0	0	298.5904	265.3511	373.3691	260.8242	0	0	431.9495	260.9404	333.1173	327.5844	0	0						
AFDES	20160317	Medit F08angerface Forward-2	0	MALE	test	TestImage	Emotient FACET	1880	1880			45	1880	1	170	172	311	311	-10.22376	0	0.4249528	0	-6.790501	0	-3.67337	0	-3.49433	0	-2.237625	0	-0.6931585	0	2.829657	0	0.7642688	0	-0.6798096	0	-10.22376	0	0.4249528	0	-0.05750804	-1.987242	1.743743	-1.847696	-1.682091	0.5536962	-2.705022	-1.719414	-3.695063	-2.420162	-1.015949	-1.750956	-2.197303	-1.985719	-2.176519	-1.887734	-2.795673	-3.460433	-5.593991	-1.711383	-2.240329	-0.5363827	0.1118895	236.5928	264.3228	0	0	298.4594	266.1047	373.2776	261.0679	0	0	431.6544	260.9153	333.1396	328.5717	0	0						
AFDES	20160317	Medit F08angerface Forward-2	0	MALE	test	TestImage	Emotient FACET	1920	1920			46	1920	1	172	174	308	308	-9.524215	0	0.3941057	0	-6.298372	0	-3.419906	0	-3.025594	0	-2.21469	0	-0.8373572	0	2.694025	0	0.9159296	0	-0.3474297	0	-9.524215	0	0.3941057	0	-0.222748	-1.885048	1.480619	-2.007164	-1.504733	0.3917214	-2.670224	-1.460432	-3.356368	-2.139569	-1.119411	-1.743283	-2.262192	-1.895224	-1.964564	-1.785025	-2.682128	-3.185281	-5.152181	-1.557745	-2.131412	0.488033	0.4573699	239.864	265.0647	0	0	298.3607	266.8628	372.6684	261.0176	0	0	431.863	262.7158	332.7428	330.184	0	0						
AFDES	20160317	Medit F08angerface Forward-2	0	MALE	test	TestImage	Emotient FACET	1960	1960			47	1960	1	169	175	312	312	-9.92363	0	0.3391547	0	-6.659018	0	-3.579759	0	-3.309302	0	-2.10818	0	-0.7636117	0	2.694336	0	0.676441	0	-0.3953097	0	-9.92363	0	0.3391547	0	-0.2645234	-1.94116	1.523376	-1.81575	-1.537526	0.5835766	-2.675497	-1.636158	-3.538698	-2.380642	-1.03972	-1.790116	-2.347394	-2.060968	-2.195132	-1.874593	-2.764633	-3.41826	-5.53152	-1.914138	-1.916437	0.5885056	0.4741838	238.5569	267.1219	0	0	297.3427	268.4727	373.1832	263.8486	0	0	432.6036	263.9553	332.0986	333.9941	0	0						
AFDES	20160317	Medit F08angerface Forward-2	0	MALE	test	TestImage	Emotient FACET	2000	2000			48	2000	1	168	177	312	312	-9.672332	0	0.5652789	0	-6.421404	0	-3.718311	0	-3.278449	0	-2.097554	0	-1.046538	0	2.751441	0	0.8739519	0	-0.4455232	0	-9.672332	0	0.5652789	0	-0.4444783	-2.073723	1.514429	-1.763578	-1.601224	0.5804798	-2.637495	-1.672496	-3.469402	-2.319979	-1.173385	-1.767657	-2.163997	-2.207428	-2.103802	-1.734162	-2.713731	-3.347639	-5.246196	-2.081128	-3.045257	2.72149	0.5553074	237.858	268.4326	0	0	297.646	270.0495	371.4114	264.3655	0	0	431.6357	266.3661	331.5783	337.3239	0	0						
AFDES	20160317	Medit F08angerface Forward-2	0	MALE	test	TestImage	Emotient FACET	2040	2040			49	2040	1	168	179	313	313	-9.712438	0	0.6848693	0	-6.533083	0	-3.818382	0	-3.464432	0	-2.084645	0	-1.196984	0	2.823927	0	0.9497123	0	-0.6877356	0	-9.712438	0	0.6848693	0	-0.4442231	-2.229818	1.628524	-1.725623	-1.684947	0.568361	-2.780074	-1.671979	-3.512925	-2.387683	-1.327192	-1.816806	-2.141874	-2.219474	-2.118251	-1.691169	-2.731893	-3.48053	-5.318213	-2.058723	-3.319188	3.83462	0.7466277	238.0703	270.8485	0	0	296.9262	273.2104	370.9966	265.5238	0	0	431.3064	267.9304	330.5282	341.0493	0	0						
AFDES	20160317	Medit F08angerface Forward-2	0	MALE	test	TestImage	Emotient FACET	2080	2080			50	2080	1	168	182	311	311	-9.294849	0	0.7474847	0	-6.041573	0	-3.330367	0	-3.150111	0	-2.08743	0	-1.296067	0	2.756683	0	1.03617	0	-0.6488014	0	-9.294849	0	0.7474847	0	-0.4627913	-2.188802	1.597221	-1.589319	-1.650554	0.3983272	-2.822618	-1.631239	-3.39953	-2.193846	-1.571294	-1.96614	-2.282277	-2.235937	-2.140646	-1.720133	-2.772787	-3.378477	-5.178418	-1.880072	-3.201742	5.117712	0.4770809	238.1533	272.9247	0	0	296.6035	275.6719	369.4995	268.0829	0	0	430.0777	269.7663	330.5579	343.3415	0	0						
AFDES	20160317	Medit F08angerface Forward-2	0	MALE	test	TestImage	Emotient FACET	2120	2120			51	2120	1	169	183	310	310	-9.214529	0	0.9205466	0	-5.866729	0	-2.954437	0	-3.10304	0	-2.223021	0	-1.453706	0	2.805146	0	1.168937	0	-0.8360967	0	-9.214529	0	0.9205466	0	-0.4861647	-2.201909	1.730692	-1.31191	-1.597984	0.3953922	-2.880081	-1.551216	-3.341012	-2.156235	-1.684271	-1.9259	-2.362656	-1.994754	-2.079313	-1.674913	-2.729069	-3.380184	-4.893195	-2.01451	-2.900731	5.078818	0.5355053	239.1771	272.9838	0	0	296.8436	276.129	369.5087	270.606	0	0	430.3712	270.3212	331.3277	344.4475	0	0						
AFDES	20160317	Medit F08angerface Forward-2	0	MALE	test	TestImage	Emotient FACET	2160	2160			52	2160	1	169	183	310	310	-9.229417	0	0.947718	0	-5.835456	0	-2.969127	0	-3.246097	0	-2.010495	0	-1.402228	0	2.75042	0	1.057796	0	-0.9217332	0	-9.229417	0	0.947718	0	-0.4947661	-2.163559	1.753435	-1.251198	-1.499644	0.4426361	-2.710908	-1.3817	-3.26876	-2.256202	-1.456507	-1.799124	-2.203531	-2.000959	-2.0143	-1.602464	-2.726784	-3.368549	-4.965088	-1.852623	-2.432612	5.119161	0.4224458	239.8135	274.1535	0	0	297.4072	275.0118	370.3715	270.7819	0	0	431.0962	269.7037	331.2042	344.5802	0	0						
AFDES	20160317	Medit F08angerface Forward-2	0	MALE	test	TestImage	Emotient FACET	2200	2200			53	2200	1	169	183	311	311	-9.533161	0	0.8093175	0	-5.916783	0	-3.11883	0	-3.277648	0	-2.167947	0	-1.334144	0	2.684872	0	0.9107959	0	-0.6491572	0	-9.533161	0	0.8093175	0	-0.4662959	-2.149072	1.688706	-1.307248	-1.547196	0.4952375	-2.9617	-1.586295	-3.498803	-2.39515	-1.630687	-2.054556	-2.514571	-2.257301	-2.297314	-1.941332	-2.767714	-3.528225	-5.390037	-2.005792	-3.050889	5.228455	0.7112981	239.679	272.4811	0	0	297.2995	275.8386	372.3426	272.8105	0	0	430.9325	269.971	331.4239	344.0601	0	0						
AFDES	20160317	Medit F08angerface Forward-2	0	MALE	test	TestImage	Emotient FACET	2240	2240			54	2240	1	169	182	312	312	-9.602833	0	0.7964137	0	-5.86489	0	-3.11392	0	-3.304892	0	-2.157208	0	-1.365608	0	2.710605	0	0.8852919	0	-0.5110922	0	-9.602833	0	0.7964137	0	-0.5177544	-2.139316	1.576069	-1.303989	-1.618842	0.4816613	-2.967156	-1.643263	-3.542765	-2.453573	-1.70554	-2.104757	-2.553376	-2.30192	-2.415211	-1.996317	-2.765115	-3.535848	-5.552328	-1.973823	-2.735675	4.984984	0.5628667	239.6428	272.5616	0	0	297.3162	274.9477	372.1559	271.6636	0	0	432.1227	269.4799	332.3898	343.4144	0	0						
AFDES	20160317	Medit F08angerface Forward-2	0	MALE	test	TestImage	Emotient FACET	2280	2280			55	2280	1	171	181	309	309	-9.48157	0	0.8453491	0	-5.934418	0	-2.997969	0	-3.184103	0	-2.217547	0	-1.243406	0	2.765214	0	1.079995	0	-0.8282135	0	-9.48157	0	0.8453491	0	-0.4637844	-2.18749	1.715309	-1.434555	-1.657836	0.3840491	-2.812428	-1.568327	-3.379896	-2.193722	-1.335387	-1.781018	-2.256912	-1.954805	-1.978055	-1.650675	-2.765519	-3.351561	-4.939274	-1.888791	-2.805457	4.78663	0.4625475	240.368	271.6628	0	0	299.2519	272.8962	371.2955	267.933	0	0	432.0103	269.1761	332.9892	341.3984	0	0						
AFDES	20160317	Medit F08angerface Forward-2	0	MALE	test	TestImage	Emotient FACET	2320	2320			56	2320	1	170	180	311	311	-9.656633	0	0.7871148	0	-5.96361	0	-3.19768	0	-3.376945	0	-2.174423	0	-1.269918	0	2.712279	0	0.8940711	0	-0.6537917	0	-9.656633	0	0.7871148	0	-0.5224007	-2.151549	1.588496	-1.391247	-1.703789	0.4097843	-2.875334	-1.590698	-3.468132	-2.409022	-1.335989	-1.839641	-2.267063	-2.104995	-2.062332	-1.744303	-2.741032	-3.408759	-5.235268	-2.015712	-2.379079	4.582115	0.3511167	240.3981	270.1129	0	0	299.2729	272.8811	371.0828	266.3173	0	0	433.0525	268.3355	333.6595	341.4431	0	0						
AFDES	20160317	Medit F08angerface Forward-2	0	MALE	test	TestImage	Emotient FACET	2360	2360			57	2360	1	171	180	311	311	-9.54861	0	0.7218148	0	-6.068336	0	-3.086951	0	-3.317081	0	-2.139709	0	-1.123248	0	2.657065	0	0.8486163	0	-0.6571426	0	-9.54861	0	0.7218148	0	-0.422837	-2.099	1.642648	-1.419821	-1.592365	0.4814795	-2.857978	-1.528069	-3.431701	-2.368151	-1.274067	-1.822468	-2.37262	-2.08034	-2.102838	-1.796483	-2.762873	-3.479247	-5.293755	-1.947131	-2.472843	4.058885	0.5515432	240.3766	269.9231	0	0	299.2306	272.6215	372.2271	268.6241	0	0	433.6322	268.0244	334.299	339.647	0	0						
AFDES	20160317	Medit F08angerface Forward-2	0	MALE	test	TestImage	Emotient FACET	2400	2400			58	2400	1	171	179	309	309	-9.409766	0	0.7367736	0	-6.042726	0	-3.121337	0	-3.141561	0	-2.111279	0	-1.152625	0	2.707868	0	0.9911642	0	-0.7224662	0	-9.409766	0	0.7367736	0	-0.4291223	-2.105603	1.63321	-1.553103	-1.564723	0.4025334	-2.727519	-1.461007	-3.340492	-2.205856	-1.294947	-1.768831	-2.293447	-1.99238	-1.989962	-1.712114	-2.764554	-3.354844	-5.102486	-1.830609	-2.402368	4.127017	0.4912512	241.0237	269.4417	0	0	299.5914	272.5742	371.0895	265.4118	0	0	432.822	267.9707	334.2535	339.8117	0	0						
AFDES	20160317	Medit F08angerface Forward-2	0	MALE	test	TestImage	Emotient FACET	2440	2440			59	2440	1	171	179	310	310	-9.308092	0	0.6699659	0	-6.016587	0	-3.086213	0	-3.032303	0	-2.215402	0	-1.183011	0	2.682481	0	1.012127	0	-0.5167837	0	-9.308092	0	0.6699659	0	-0.4607393	-2.079374	1.55495	-1.560057	-1.594995	0.3953918	-2.782496	-1.533138	-3.331072	-2.161397	-1.387506	-1.809987	-2.307554	-2.041117	-1.993787	-1.698257	-2.753228	-3.363201	-5.040072	-1.907442	-2.43481	4.101388	0.497528	241.0685	269.4507	0	0	300.0742	271.814	372.2096	266.5371	0	0	432.9285	268.0082	334.0602	339.7577	0	0						
AFDES	20160317	Medit F08angerface Forward-2	0	MALE	test	TestImage	Emotient FACET	2480	2480			60	2480	1	172	179	310	310	-8.755713	0	0.7438651	0	-6.227948	0	-3.043446	0	-2.802737	0	-2.316964	0	-1.270219	0	2.752395	0	1.289456	0	-0.6215073	0	-8.755713	0	0.7438651	0	-0.4551874	-2.118438	1.520189	-1.576497	-1.59008	0.399657	-2.918857	-1.622693	-3.114753	-1.894722	-1.584581	-1.854925	-2.357657	-1.952468	-1.93292	-1.58767	-2.834729	-3.376912	-4.861129	-1.820518	-2.38682	4.079141	0.4136242	241.031	269.5645	0	0	299.655	272.5341	372.1266	266.0786	0	0	432.7437	267.4637	334.036	339.7268	0	0						
AFDES	20160317	Medit F08angerface Forward-2	0	MALE	test	TestImage	Emotient FACET	2520	2520			61	2520	1	171	179	310	310	-8.438509	0	0.8071563	0	-6.429746	0	-3.111392	0	-2.562099	0	-2.537596	0	-1.401481	0	2.859591	0	1.619539	0	-0.6008074	0	-8.438509	0	0.8071563	0	-0.5089518	-2.191742	1.506264	-1.691182	-1.684378	0.3295557	-2.972705	-1.79883	-2.973322	-1.592301	-1.722008	-1.778679	-2.371877	-1.930045	-1.789765	-1.350767	-2.941436	-3.357383	-4.300319	-1.973333	-2.466081	4.127574	0.3668349	240.8319	269.2034	0	0	299.5204	271.8918	372.1007	266.0477	0	0	432.597	267.4398	333.4653	339.3284	0	0						
AFDES	20160317	Medit F08angerface Forward-2	0	MALE	test	TestImage	Emotient FACET	2560	2560			62	2560	1	170	179	311	311	-8.123821	0	0.7116316	0	-6.202254	0	-2.828506	0	-2.555105	0	-2.422549	0	-1.369756	0	2.769086	0	1.454401	0	-0.4001732	0	-8.123821	0	0.7116316	0	-0.4943873	-2.129583	1.387395	-1.504333	-1.677221	0.3654909	-3.187789	-1.801816	-2.93138	-1.694869	-1.803561	-1.939944	-2.44578	-1.932827	-2.031634	-1.538645	-2.799374	-3.399879	-4.486095	-2.038926	-2.526454	3.825341	0.3658008	240.06	269.2269	0	0	299.2781	271.8091	372.8419	268.7854	0	0	433.7646	266.9274	333.7445	338.5394	0	0						
AFDES	20160317	Medit F08angerface Forward-2	0	MALE	test	TestImage	Emotient FACET	2600	2600			63	2600	1	171	178	312	312	-8.222736	0	0.8112614	0	-6.388799	0	-2.957625	0	-2.642354	0	-2.44874	0	-1.3497	0	2.823368	0	1.569079	0	-0.6380688	0	-8.222736	0	0.8112614	0	-0.4975166	-2.157126	1.432251	-1.514934	-1.727808	0.3473438	-3.177467	-1.835577	-2.960106	-1.681168	-1.772491	-1.861352	-2.475821	-1.809532	-1.91044	-1.463676	-2.849989	-3.35023	-4.572607	-1.943388	-2.380931	3.674708	0.255713	240.2937	269.1146	0	0	299.5843	271.6826	372.2816	267.0187	0	0	433.989	265.5971	335.1054	338.7388	0	0						
AFDES	20160317	Medit F08angerface Forward-2	0	MALE	test	TestImage	Emotient FACET	2640	2640			64	2640	1	171	177	312	312	-8.554274	0	0.7871161	0	-6.307951	0	-2.971045	0	-2.766001	0	-2.504544	0	-1.362871	0	2.826948	0	1.490375	0	-0.5717914	0	-8.554274	0	0.7871161	0	-0.5034592	-2.127494	1.419799	-1.539157	-1.87048	0.2139482	-3.138617	-1.796508	-3.073361	-1.75419	-1.67814	-1.794057	-2.385402	-1.770822	-1.825098	-1.407647	-2.821384	-3.335914	-4.482734	-1.987421	-2.366123	3.607558	0.1959675	240.3408	268.7974	0	0	299.489	270.8727	372.1671	264.8751	0	0	433.9342	265.5824	335.0351	338.4362	0	0						
AFDES	20160317	Medit F08angerface Forward-2	0	MALE	test	TestImage	Emotient FACET	2680	2680			65	2680	1	171	178	310	310	-8.301625	0	0.7207556	0	-6.053553	0	-2.898428	0	-2.592385	0	-2.395685	0	-1.290573	0	2.749597	0	1.423258	0	-0.4581466	0	-8.301625	0	0.7207556	0	-0.4544498	-2.020643	1.388611	-1.544721	-1.654581	0.2727601	-2.944412	-1.695715	-3.009422	-1.72997	-1.603842	-1.793951	-2.323338	-1.858102	-1.8218	-1.454518	-2.841605	-3.292741	-4.457256	-1.843172	-2.351234	3.381893	0.0881248	240.4949	268.2581	0	0	299.8021	270.0622	371.6291	264.3826	0	0	432.7518	266.106	334.3201	338.405	0	0						
AFDES	20160317	Medit F08angerface Forward-2	0	MALE	test	TestImage	Emotient FACET	2720	2720			66	2720	1	171	177	311	311	-8.323976	0	0.6342657	0	-6.095923	0	-2.963174	0	-2.687973	0	-2.353309	0	-1.26271	0	2.697758	0	1.276833	0	-0.3650759	0	-8.323976	0	0.6342657	0	-0.4818223	-2.028662	1.334636	-1.576733	-1.667576	0.2871556	-3.073215	-1.688625	-3.045555	-1.850867	-1.571276	-1.865144	-2.371665	-1.846365	-1.952917	-1.550414	-2.7681	-3.323108	-4.733351	-1.866809	-2.230644	3.249794	0.3126307	239.8156	267.8698	0	0	299.1091	270.6389	372.5858	265.377	0	0	433.0071	265.5267	334.4756	337.2698	0	0						
AFDES	20160317	Medit F08angerface Forward-2	0	MALE	test	TestImage	Emotient FACET	2760	2760			67	2760	1	170	178	310	310	-8.630029	0	0.6106723	0	-5.882708	0	-2.75722	0	-2.780511	0	-2.312189	0	-1.110707	0	2.63717	0	1.132029	0	-0.3400654	0	-8.630029	0	0.6106723	0	-0.3735419	-1.947721	1.40333	-1.497929	-1.593277	0.2802995	-3.048823	-1.619266	-3.185321	-1.939941	-1.510265	-1.932345	-2.423401	-1.974865	-2.067017	-1.726508	-2.810578	-3.378876	-4.950352	-1.902721	-2.510518	3.48984	0.2228594	239.9505	268.0454	0	0	298.9864	270.5878	371.3386	265.6546	0	0	432.7155	265.4691	332.9926	337.5549	0	0						
AFDES	20160317	Medit F08angerface Forward-2	0	MALE	test	TestImage	Emotient FACET	2800	2800			68	2800	1	170	177	311	311	-8.503045	0	0.5460591	0	-5.626867	0	-2.676058	0	-2.720796	0	-2.351155	0	-1.189319	0	2.607777	0	1.05594	0	-0.191201	0	-8.503045	0	0.5460591	0	-0.4578873	-1.915056	1.315853	-1.396012	-1.682168	0.2046347	-3.06014	-1.693496	-3.191979	-1.96099	-1.581699	-1.988154	-2.490341	-1.971283	-2.087529	-1.741011	-2.748494	-3.315523	-4.728424	-2.027193	-2.588476	3.43534	0.185145	239.722	267.4346	0	0	298.3215	270.3743	371.3867	265.1663	0	0	432.6809	265.135	332.1852	336.8326	0	0						
AFDES	20160317	Medit F08angerface Forward-2	0	MALE	test	TestImage	Emotient FACET	2840	2840			69	2840	1	169	176	312	312	-8.709102	0	0.4984477	0	-5.546993	0	-2.746447	0	-2.901342	0	-2.340976	0	-1.108832	0	2.526586	0	0.8615208	0	-0.1689997	0	-8.709102	0	0.4984477	0	-0.456771	-1.889634	1.313903	-1.323844	-1.761951	0.1598257	-3.092296	-1.725148	-3.31757	-2.144119	-1.474216	-1.966639	-2.461113	-2.007574	-2.154626	-1.791966	-2.785517	-3.387679	-4.939274	-2.072424	-2.492724	3.414958	0.185748	239.0333	267.2251	0	0	298.7839	269.5359	371.7748	264.9136	0	0	432.2472	264.339	332.1596	337.4697	0	0						
AFDES	20160317	Medit F08angerface Forward-2	0	MALE	test	TestImage	Emotient FACET	2880	2880			70	2880	1	169	177	311	311	-8.760049	0	0.47517	0	-5.425738	0	-2.569314	0	-2.87137	0	-2.329493	0	-0.9985412	0	2.475606	0	0.8054437	0	-0.1752347	0	-8.760049	0	0.47517	0	-0.371224	-1.828133	1.35305	-1.30424	-1.673678	0.1688937	-3.061044	-1.649489	-3.347024	-2.149986	-1.419637	-1.966847	-2.545437	-2.006706	-2.197209	-1.89416	-2.795678	-3.376086	-5.014357	-2.009693	-2.542876	3.385816	0.05562903	239.0023	267.2881	0	0	298.7482	269.4901	372.218	265.084	0	0	431.3212	264.4392	331.8568	337.5289	0	0						
AFDES	20160317	Medit F08angerface Forward-2	0	MALE	test	TestImage	Emotient FACET	2920	2920			71	2920	1	170	177	310	310	-8.891181	0	0.4922576	0	-5.649389	0	-2.52348	0	-2.87142	0	-2.3687	0	-0.8948981	0	2.486308	0	0.8658043	0	-0.4129193	0	-8.891181	0	0.4922576	0	-0.2951576	-1.876703	1.49316	-1.364269	-1.69917	0.1224992	-3.048242	-1.545979	-3.315169	-2.05118	-1.329176	-1.858585	-2.440198	-1.864243	-2.082276	-1.792669	-2.876831	-3.373545	-5.021206	-1.922975	-2.474548	3.440833	0.04019515	238.9272	268.0038	0	0	299.4407	269.2187	372.1278	264.0127	0	0	430.6202	263.618	332.048	337.4664	0	0						
AFDES	20160317	Medit F08angerface Forward-2	0	MALE	test	TestImage	Emotient FACET	2960	2960			72	2960	1	170	176	311	311	-8.450013	0	0.2780875	0	-5.322201	0	-2.437565	0	-2.661736	0	-2.347266	0	-1.016237	0	2.354444	0	0.7054764	0	0.0991935	0	-8.450013	0	0.2780875	0	-0.4534035	-1.74166	1.150585	-1.293397	-1.687471	0.08486871	-3.239448	-1.661253	-3.188974	-2.062196	-1.473376	-2.046559	-2.605596	-2.021271	-2.235463	-1.870151	-2.81338	-3.391892	-4.974991	-2.059283	-2.875909	3.283764	0.2077329	239.8229	266.623	0	0	298.6132	269.2735	372.5662	265.7409	0	0	432.6877	264.1276	332.2874	336.5981	0	0						
AFDES	20160317	Medit F08angerface Forward-2	0	MALE	test	TestImage	Emotient FACET	3000	3000			73	3000	1	170	176	311	311	-8.608068	0	0.3137422	0	-5.583167	0	-2.557661	0	-2.767885	0	-2.286581	0	-0.9593107	0	2.394567	0	0.7170602	0	-0.009861652	0	-8.608068	0	0.3137422	0	-0.4062523	-1.777665	1.236985	-1.343584	-1.581373	0.1630369	-3.204147	-1.583614	-3.239935	-2.11235	-1.432223	-2.050844	-2.672113	-1.977381	-2.308161	-1.949119	-2.893118	-3.485174	-5.200263	-1.959236	-2.820665	3.251781	0.1250964	239.7669	267.5504	0	0	298.751	269.2788	372.9391	265.926	0	0	432.7769	264.238	332.4706	336.5836	0	0						
AFDES	20160317	Medit F08angerface Forward-2	0	MALE	test	TestImage	Emotient FACET	3040	3040			74	3040	1	170	176	312	312	-8.595642	0	0.2950726	0	-5.67657	0	-2.602497	0	-2.77824	0	-2.300232	0	-0.9168128	0	2.3951	0	0.7236306	0	-0.0453973	0	-8.595642	0	0.2950726	0	-0.3824898	-1.786128	1.248394	-1.361296	-1.58515	0.1648005	-3.219604	-1.620671	-3.219094	-2.094801	-1.405689	-2.022412	-2.649446	-1.993022	-2.296542	-1.921841	-2.935236	-3.522289	-5.202215	-2.003486	-2.697844	3.343356	0.1224378	239.7165	267.5247	0	0	298.5204	269.2215	372.9853	265.996	0	0	432.8065	264.0554	332.441	336.6826	0	0						
AFDES	20160317	Medit F08angerface Forward-2	0	MALE	test	TestImage	Emotient FACET	3080	3080			75	3080	1	170	176	311	311	-8.558489	0	0.3251632	0	-5.521739	0	-2.49736	0	-2.776867	0	-2.338256	0	-0.9084948	0	2.385828	0	0.7335311	0	-0.03537032	0	-8.558489	0	0.3251632	0	-0.3875286	-1.771417	1.252084	-1.319397	-1.642522	0.1225809	-3.233466	-1.614808	-3.215866	-2.059322	-1.391329	-1.998717	-2.646315	-1.980218	-2.265633	-1.899623	-2.912069	-3.465785	-5.101719	-2.012763	-2.771663	3.291284	0.08072108	239.6658	267.4367	0	0	298.6873	269.3194	373.0266	265.8944	0	0	432.7919	264.1228	332.3042	335.8754	0	0						
AFDES	20160317	Medit F08angerface Forward-2	0	MALE	test	TestImage	Emotient FACET	3120	3120			76	3120	1	170	177	311	311	-8.458478	0	0.3339005	0	-5.644729	0	-2.480101	0	-2.694465	0	-2.325741	0	-0.8910996	0	2.395892	0	0.8073133	0	-0.104655	0	-8.458478	0	0.3339005	0	-0.3710827	-1.777646	1.263389	-1.319143	-1.600678	0.1377544	-3.222432	-1.596911	-3.172549	-1.990884	-1.422607	-1.966856	-2.698555	-1.936581	-2.273563	-1.889718	-2.94463	-3.477966	-5.034343	-2.012968	-2.819504	3.405158	0.06880029	239.7122	267.3235	0	0	298.7998	269.9358	372.8277	265.7615	0	0	432.7117	264.1079	332.3259	336.4766	0	0						
AFDES	20160317	Medit F08angerface Forward-2	0	MALE	test	TestImage	Emotient FACET	3160	3160			77	3160	1	170	177	311	311	-8.416035	0	0.3495335	0	-5.636304	0	-2.471966	0	-2.619123	0	-2.416813	0	-0.9210628	0	2.398679	0	0.8906091	0	-0.04703932	0	-8.416035	0	0.3495335	0	-0.3919502	-1.77804	1.212891	-1.33533	-1.639212	0.07939953	-3.268233	-1.64964	-3.162062	-1.926264	-1.494403	-1.95295	-2.705189	-1.948454	-2.25911	-1.842993	-2.970561	-3.452839	-4.964157	-2.057207	-2.811587	3.35573	-0.04019175	239.6364	267.3424	0	0	298.8187	269.9491	372.8544	266.038	0	0	432.6385	264.0946	332.8742	336.0869	0	0						
AFDES	20160317	Medit F08angerface Forward-2	0	MALE	test	TestImage	Emotient FACET	3200	3200			78	3200	1	170	176	311	311	-8.021647	0	0.3482871	0	-5.547904	0	-2.274442	0	-2.37361	0	-2.453074	0	-0.9926702	0	2.383534	0	0.9819677	0	-0.02182367	0	-8.021647	0	0.3482871	0	-0.4511153	-1.781643	1.176058	-1.297419	-1.71488	0.009416953	-3.296718	-1.673443	-2.971575	-1.725273	-1.533598	-1.894794	-2.7079	-1.850257	-2.19692	-1.714609	-2.917252	-3.343845	-4.526388	-2.150386	-2.734776	3.376399	0.03328921	239.5456	266.2745	0	0	298.7649	270.1124	372.5628	266.2155	0	0	432.6376	264.1563	333.5488	336.0496	0	0						
AFDES	20160317	Medit F08angerface Forward-2	0	MALE	test	TestImage	Emotient FACET	3240	3240			79	3240	1	170	177	311	311	-7.826229	0	0.4611975	0	-5.737516	0	-2.084495	0	-2.23135	0	-2.590035	0	-1.007824	0	2.469063	0	1.238317	0	-0.1900274	0	-7.826229	0	0.4611975	0	-0.3187833	-1.806917	1.282564	-1.230827	-1.76959	0.01597978	-3.386086	-1.787474	-2.979337	-1.552364	-1.665992	-1.872737	-2.753514	-1.719956	-2.168814	-1.660242	-2.949217	-3.381167	-4.222324	-2.224276	-2.245442	3.222338	-0.2496107	238.9936	267.6313	0	0	299.594	269.2045	372.1736	264.9345	0	0	431.3402	264.5089	332.6994	338.3928	0	0						
AFDES	20160317	Medit F08angerface Forward-2	0	MALE	test	TestImage	Emotient FACET	3280	3280			80	3280	1	170	176	312	312	-7.47002	0	0.5745222	0	-5.84577	0	-2.065327	0	-2.04377	0	-2.580671	0	-1.003374	0	2.505953	0	1.511216	0	-0.355707	0	-7.47002	0	0.5745222	0	-0.3282929	-1.838058	1.326613	-1.233637	-1.828009	-0.01627478	-3.280437	-1.828395	-2.831601	-1.307009	-1.630417	-1.645604	-2.66385	-1.570054	-1.979418	-1.428832	-2.93089	-3.28608	-3.610215	-2.19334	-2.245651	3.078758	-0.2268317	238.9515	267.4764	0	0	299.666	269.2518	372.3038	264.9312	0	0	432.2376	264.3452	333.3178	338.1081	0	0						
AFDES	20160317	Medit F08angerface Forward-2	0	MALE	test	TestImage	Emotient FACET	3320	3320			81	3320	1	170	177	312	312	-6.768604	0	0.7567852	0	-5.966369	0	-2.126562	0	-1.693073	0	-2.646574	0	-1.059195	0	2.507516	0	1.909452	0	-0.4080158	0	-6.768604	0	0.7567852	0	-0.3777064	-1.890054	1.223876	-1.250185	-1.798524	-0.006398818	-3.248716	-1.898669	-2.54794	-0.9016465	-1.684182	-1.477832	-2.512315	-1.527543	-1.774806	-1.191079	-2.987779	-3.208993	-3.054968	-2.325418	-2.077523	3.197511	-0.2899445	238.9703	267.4712	0	0	299.8036	269.2852	372.7167	266.1044	0	0	432.6049	264.7108	333.5986	338.1995	0	0						
AFDES	20160317	Medit F08angerface Forward-2	0	MALE	test	TestImage	Emotient FACET	3360	3360			82	3360	1	170	176	312	312	-6.505484	0	0.7775193	0	-6.036164	0	-2.111094	0	-1.635196	0	-2.598418	0	-1.046118	0	2.448179	0	1.995625	0	-0.4368986	0	-6.505484	0	0.7775193	0	-0.485055	-1.931304	1.170844	-1.246782	-1.818297	-0.01713744	-3.220196	-1.841456	-2.397357	-0.7670765	-1.603563	-1.373912	-2.410747	-1.417526	-1.608961	-1.009326	-2.989292	-3.122981	-2.828941	-2.30786	-2.427228	3.421654	-0.1812588	239.9899	266.8582	0	0	299.9008	269.8757	373.7627	266.2979	0	0	433.5588	264.3932	334.1078	337.7435	0	0						
AFDES	20160317	Medit F08angerface Forward-2	0	MALE	test	TestImage	Emotient FACET	3400	3400			83	3400	1	170	177	311	311	-6.107409	0	0.7887209	0	-5.832504	0	-1.634696	0	-1.566568	0	-2.767329	0	-1.066366	0	2.543603	0	2.061099	0	-0.7096738	0	-6.107409	0	0.7887209	0	-0.3642423	-1.96209	1.348836	-1.295383	-1.985829	-0.09325988	-3.410291	-1.916818	-2.276901	-0.5853117	-1.732785	-1.405664	-2.484995	-1.131739	-1.631345	-1.008311	-2.871404	-2.898625	-2.717456	-2.184463	-1.9927	3.376736	-0.1654883	239.3616	267.7125	0	0	300.1753	269.5336	373.0423	264.4631	0	0	431.6629	263.685	332.0974	337.4938	0	0						
AFDES	20160317	Medit F08angerface Forward-2	0	MALE	test	TestImage	Emotient FACET	3440	3440			84	3440	1	170	176	312	312	-5.598726	0	0.971944	0	-5.930363	0	-1.532897	0	-1.472595	0	-2.892916	0	-1.03271	0	2.553891	0	2.346694	0	-0.9402553	0	-5.598726	0	0.971944	0	-0.2594387	-1.978454	1.4594	-1.158326	-2.003883	-0.026974	-3.426381	-2.051459	-2.078783	-0.2563452	-1.779281	-1.356357	-2.300707	-1.042864	-1.388904	-0.7957667	-2.912221	-2.881236	-2.157939	-2.341522	-1.949597	3.392698	-0.1842673	239.2506	267.6346	0	0	300.1237	269.6301	372.807	264.1385	0	0	432.0185	264.6941	332.2974	338.6573	0	0						
AFDES	20160317	Medit F08angerface Forward-2	0	MALE	test	TestImage	Emotient FACET	3480	3480			85	3480	1	170	177	311	311	-5.221208	0	1.009676	0	-6.0954	0	-1.538892	0	-1.391665	0	-2.931213	0	-1.015464	0	2.534056	0	2.471866	0	-1.031471	0	-5.221208	0	1.009676	0	-0.2922335	-2.005158	1.40783	-1.210152	-1.939529	0.01573843	-3.50405	-2.100057	-1.88039	-0.0600284	-1.805571	-1.30077	-2.222237	-0.9518137	-1.19045	-0.611261	-2.985554	-2.844407	-1.992982	-2.343541	-1.870501	3.554834	-0.1645454	239.2987	267.5598	0	0	300.1263	269.6452	372.744	264.6125	0	0	431.9602	264.6296	333.4365	338.3752	0	0						
AFDES	20160317	Medit F08angerface Forward-2	0	MALE	test	TestImage	Emotient FACET	3520	3520			86	3520	1	170	176	312	312	-4.723997	0	1.059296	0	-6.215585	0	-1.616146	0	-1.225298	0	-2.931561	0	-1.074105	0	2.477505	0	2.604307	0	-1.035581	0	-4.723997	0	1.059296	0	-0.4572062	-2.047496	1.220888	-1.216381	-1.952431	-0.01830138	-3.46688	-2.174011	-1.637079	0.1238835	-1.818274	-1.152084	-2.176785	-0.8878488	-0.9799278	-0.4092002	-2.987834	-2.753957	-1.620937	-2.421099	-1.940353	3.3981	-0.2649878	239.6663	266.6832	0	0	299.1422	270.3595	373.589	266.1054	0	0	433.0738	263.9107	334.5563	337.2399	0	0						
AFDES	20160317	Medit F08angerface Forward-2	0	MALE	test	TestImage	Emotient FACET	3560	3560			87	3560	1	170	176	312	312	-4.661023	0	1.145375	0	-6.35137	0	-1.653974	0	-1.189152	0	-2.9805	0	-1.095116	0	2.449692	0	2.734282	0	-1.077925	0	-4.661023	0	1.145375	0	-0.4982866	-2.06546	1.151796	-1.205093	-1.967011	-0.05962499	-3.515489	-2.271701	-1.560057	0.2392362	-1.877216	-1.093118	-2.161916	-0.9260397	-0.8881984	-0.2836984	-3.119512	-2.812099	-1.461192	-2.479254	-2.003068	3.444348	-0.09666269	239.6947	266.5856	0	0	299.2659	270.2589	373.5009	266.0872	0	0	433.1747	263.9505	334.3574	337.28	0	0						
AFDES	20160317	Medit F08angerface Forward-2	0	MALE	test	TestImage	Emotient FACET	3600	3600			88	3600	1	169	176	314	314	-4.690212	0	1.148533	0	-6.502025	0	-1.887429	0	-1.250952	0	-2.985681	0	-1.110309	0	2.454853	0	2.689807	0	-1.008098	0	-4.690212	0	1.148533	0	-0.498142	-2.082699	1.099829	-1.068913	-1.923277	-0.02885723	-3.639277	-2.503812	-1.627446	0.09674745	-1.953762	-1.237765	-2.118651	-1.218861	-1.019965	-0.4337493	-3.29772	-3.009155	-1.64234	-2.781342	-1.870433	3.423975	0.02050025	239.3534	266.4767	0	0	299.1873	270.2046	373.0836	265.5031	0	0	433.3083	263.8276	333.3266	339.1967	0	0						
AFDES	20160317	Medit F08angerface Forward-2	0	MALE	test	TestImage	Emotient FACET	3640	3640			89	3640	1	169	176	314	314	-4.574689	0	1.057118	0	-6.520898	0	-1.837154	0	-1.164929	0	-2.960096	0	-1.058042	0	2.390274	0	2.647745	0	-0.9326537	0	-4.574689	0	1.057118	0	-0.4765439	-2.015573	1.070644	-1.072453	-1.838008	-0.03166221	-3.593499	-2.420602	-1.581891	0.124932	-1.905529	-1.230964	-2.196841	-1.100443	-1.013829	-0.4783837	-3.251561	-2.963303	-1.609952	-2.770333	-1.895635	3.514248	0.1609241	240.2132	266.6134	0	0	298.7729	269.6082	373.4556	266.0405	0	0	433.1974	263.4955	332.3706	339.5339	0	0						
AFDES	20160317	Medit F08angerface Forward-2	0	MALE	test	TestImage	Emotient FACET	3680	3680			90	3680	1	168	176	314	314	-4.626428	0	1.046381	0	-6.456986	0	-1.730175	0	-1.224996	0	-2.90939	0	-1.062133	0	2.354049	0	2.591109	0	-0.8801548	0	-4.626428	0	1.046381	0	-0.4841663	-1.999478	1.105808	-1.001018	-1.811409	-0.02551979	-3.554081	-2.389658	-1.676328	0.0001621357	-1.841344	-1.200881	-2.350796	-1.033098	-1.107543	-0.5946823	-3.154821	-2.964607	-1.597794	-2.876398	-1.785764	3.570466	0.2297119	239.3205	267.4287	0	0	299.1871	268.8106	372.9816	265.7906	0	0	433.5323	264.1068	331.5001	338.7009	0	0						
AFDES	20160317	Medit F08angerface Forward-2	0	MALE	test	TestImage	Emotient FACET	3720	3720			91	3720	1	169	176	312	312	-4.511463	0	1.32946	0	-6.583496	0	-1.659963	0	-1.150164	0	-3.102692	0	-1.129153	0	2.396097	0	2.893785	0	-1.166189	0	-4.511463	0	1.32946	0	-0.5235006	-2.06146	1.093203	-1.016375	-2.054277	-0.08515677	-3.560416	-2.41339	-1.557852	0.2961782	-1.850001	-0.9684469	-2.212203	-0.8721173	-0.8199347	-0.2457409	-3.208975	-2.818533	-1.113909	-2.710042	-1.887849	3.405451	0.1097374	239.007	266.5009	0	0	298.9979	268.5061	372.2495	264.9375	0	0	432.3756	263.9341	332.0684	337.1313	0	0						
AFDES	20160317	Medit F08angerface Forward-2	0	MALE	test	TestImage	Emotient FACET	3760	3760			92	3760	1	168	175	313	313	-4.488777	0	1.443893	0	-6.692109	0	-1.750429	0	-1.165338	0	-3.168969	0	-1.233364	0	2.453275	0	3.018497	0	-1.264056	0	-4.488777	0	1.443893	0	-0.5461782	-2.120821	1.129335	-1.017797	-2.095095	-0.06535177	-3.575244	-2.548076	-1.564724	0.2843333	-1.884573	-0.9281005	-2.247442	-0.8762491	-0.784005	-0.2135993	-3.224657	-2.816812	-1.024134	-2.810285	-2.084279	3.258771	0.1028458	238.2183	266.5043	0	0	298.9612	268.4809	371.4034	264.0882	0	0	432.4557	263.7808	331.369	336.5818	0	0						
AFDES	20160317	Medit F08angerface Forward-2	0	MALE	test	TestImage	Emotient FACET	3800	3800			93	3800	1	169	176	311	311	-4.303982	0	1.3034	0	-6.455659	0	-1.486965	0	-1.005512	0	-3.11651	0	-1.098064	0	2.256464	0	2.866457	0	-1.086467	0	-4.303982	0	1.3034	0	-0.5530115	-1.990877	1.052608	-0.9487376	-2.010698	-0.1502609	-3.503422	-2.326451	-1.503187	0.3359791	-1.801015	-0.8567612	-2.345229	-0.76994	-0.8286642	-0.2567055	-3.195343	-2.745786	-1.055462	-2.738165	-2.446637	2.926136	0.1698211	238.624	266.2896	0	0	298.4132	268.8102	372.2407	265.0311	0	0	431.4904	264.4094	332.514	336.4413	0	0						
AFDES	20160317	Medit F08angerface Forward-2	0	MALE	test	TestImage	Emotient FACET	3840	3840			94	3840	1	167	175	314	314	-4.43275	0	1.275419	0	-6.083636	0	-1.584222	0	-1.064428	0	-3.075145	0	-1.104816	0	2.238546	0	2.8361	0	-0.9873317	0	-4.43275	0	1.275419	0	-0.4959081	-1.972216	1.131604	-0.9755303	-1.973069	-0.1036423	-3.443541	-2.543923	-1.594174	0.08335081	-1.798576	-0.8585054	-2.342593	-0.9306285	-1.080976	-0.4981444	-3.11252	-2.761038	-1.263016	-3.049869	-2.29173	3.133291	-0.02043023	238.1268	266.4357	0	0	298.1908	268.8407	370.8453	264.9357	0	0	432.4275	263.7372	330.6436	339.0022	0	0						
AFDES	20160317	Medit F08angerface Forward-2	0	MALE	test	TestImage	Emotient FACET	3880	3880			95	3880	1	167	176	313	313	-4.450578	0	1.14242	0	-6.080925	0	-1.578135	0	-0.9842011	0	-3.089404	0	-1.026031	0	2.202172	0	2.728408	0	-0.8684044	0	-4.450578	0	1.14242	0	-0.452488	-1.914837	1.097277	-0.9966399	-1.917323	-0.1466756	-3.456412	-2.467927	-1.606832	0.1027668	-1.749812	-0.8494714	-2.399009	-0.9385999	-1.108316	-0.5511944	-3.133636	-2.775834	-1.361777	-3.017089	-2.349843	2.884799	-0.09041937	238.156	266.6772	0	0	298.1015	268.8888	371.731	265.2801	0	0	431.582	263.9911	330.1392	338.8327	0	0						
AFDES	20160317	Medit F08angerface Forward-2	0	MALE	test	TestImage	Emotient FACET	3920	3920			96	3920	1	168	176	310	310	-4.359419	0	1.259567	0	-6.383106	0	-1.565365	0	-0.9820267	0	-3.219707	0	-1.021059	0	2.260086	0	2.880119	0	-1.006125	0	-4.359419	0	1.259567	0	-0.4734272	-1.931072	1.012714	-1.025615	-2.015866	-0.1498865	-3.50777	-2.428978	-1.592478	0.2805972	-1.722274	-0.8333352	-2.388096	-0.8592148	-0.923148	-0.3218549	-3.181308	-2.688443	-1.14495	-2.769545	-2.651795	3.104225	-0.06918383	237.8154	266.4031	0	0	298.1014	268.5031	370.2115	264.5168	0	0	430.4977	264.1157	329.7623	336.4906	0	0						
AFDES	20160317	Medit F08angerface Forward-2	0	MALE	test	TestImage	Emotient FACET	3960	3960			97	3960	1	167	176	312	312	-4.464542	0	1.234129	0	-6.266697	0	-1.561274	0	-1.003543	0	-3.345406	0	-1.07558	0	2.277674	0	2.871932	0	-1.011968	0	-4.464542	0	1.234129	0	-0.4424108	-1.952458	1.101574	-0.961239	-2.078001	-0.1751384	-3.618155	-2.561204	-1.616324	0.2194662	-1.781872	-0.8240939	-2.367141	-0.9282142	-0.999584	-0.4224877	-3.229814	-2.773496	-1.275501	-2.915598	-2.835967	3.227586	-0.04278294	236.9196	266.4642	0	0	298.0043	268.4461	370.1865	264.6473	0	0	430.4461	263.8302	330.0024	337.1909	0	0						
AFDES	20160317	Medit F08angerface Forward-2	0	MALE	test	TestImage	Emotient FACET	4000	4000			98	4000	1	166	175	314	314	-4.430695	0	1.095662	0	-6.025255	0	-1.546561	0	-0.9628114	0	-3.202253	0	-0.9973096	0	2.20156	0	2.670798	0	-0.8885566	0	-4.430695	0	1.095662	0	-0.3624046	-1.884447	1.139057	-0.9713266	-1.923126	-0.1506359	-3.506267	-2.581662	-1.622275	0.07898458	-1.821544	-0.9142817	-2.359741	-1.000226	-1.18913	-0.6137453	-3.153673	-2.828265	-1.519909	-2.969554	-2.829368	3.197994	0.03730289	236.911	266.5896	0	0	296.3867	268.4994	370.0985	265.0831	0	0	430.2536	263.5324	329.6783	338.8467	0	0						
AFDES	20160317	Medit F08angerface Forward-2	0	MALE	test	TestImage	Emotient FACET	4040	4040			99	4040	1	167	176	312	312	-4.348678	0	1.096377	0	-6.143953	0	-1.539081	0	-0.9136381	0	-3.227612	0	-1.003237	0	2.169779	0	2.722209	0	-0.7963138	0	-4.348678	0	1.096377	0	-0.4948628	-1.873685	0.9417279	-0.9660608	-1.99271	-0.2366026	-3.568436	-2.431575	-1.581394	0.1966705	-1.738039	-0.8402613	-2.408357	-0.9636293	-1.018476	-0.4516903	-3.211979	-2.738997	-1.352172	-2.872821	-3.156227	2.93038	0.1830799	237.1137	266.9326	0	0	297.3031	268.4254	370.9314	264.7144	0	0	430.2865	264.6256	330.2832	336.675	0	0						
AFDES	20160317	Medit F08angerface Forward-2	0	MALE	test	TestImage	Emotient FACET	4080	4080			100	4080	1	167	176	312	312	-4.437778	0	1.1038	0	-6.184617	0	-1.592219	0	-0.9533957	0	-3.19806	0	-0.9896039	0	2.175142	0	2.711476	0	-0.7949473	0	-4.437778	0	1.1038	0	-0.4984503	-1.877548	0.9418318	-1.005806	-2.014798	-0.2406109	-3.513127	-2.425838	-1.617779	0.1712369	-1.714496	-0.811563	-2.387303	-0.9898522	-1.000214	-0.4266038	-3.219215	-2.745386	-1.371361	-2.839991	-3.174719	3.011837	0.1871691	237.0553	266.6082	0	0	297.1891	268.4111	370.6812	264.6049	0	0	430.1631	264.6143	330.6805	336.8372	0	0						
AFDES	20160317	Medit F08angerface Forward-2	0	MALE	test	TestImage	Emotient FACET	4120	4120			101	4120	1	168	176	311	311	-4.448163	0	1.165418	0	-6.365778	0	-1.635408	0	-0.9911988	0	-3.228442	0	-1.037724	0	2.226504	0	2.759265	0	-0.8874323	0	-4.448163	0	1.165418	0	-0.5625805	-1.947176	0.9431453	-1.02757	-2.081424	-0.2250616	-3.486903	-2.425292	-1.582005	0.2488078	-1.706753	-0.7948097	-2.32566	-0.9148512	-0.8967851	-0.3064344	-3.226165	-2.70708	-1.24148	-2.759505	-3.188922	3.139571	0.1598117	237.0262	266.7025	0	0	297.2363	268.321	370.6483	264.4771	0	0	430.2976	264.3481	330.4603	335.6776	0	0						
AFDES	20160317	Medit F08angerface Forward-2	0	MALE	test	TestImage	Emotient FACET	4160	4160			102	4160	1	168	176	311	311	-4.449318	0	1.157567	0	-6.323816	0	-1.524258	0	-0.9645836	0	-3.318844	0	-1.040217	0	2.226796	0	2.776969	0	-0.9422786	0	-4.449318	0	1.157567	0	-0.5314587	-1.963239	0.9996336	-1.00531	-2.125594	-0.2481194	-3.562387	-2.467472	-1.585005	0.2788438	-1.73398	-0.7825821	-2.35488	-0.8822039	-0.8978475	-0.3082447	-3.212738	-2.685765	-1.211441	-2.805501	-3.109014	3.151025	0.1296351	237.185	266.5735	0	0	297.2113	268.3221	369.9904	264.1082	0	0	430.2401	264.3888	330.8846	336.8929	0	0						
AFDES	20160317	Medit F08angerface Forward-2	0	MALE	test	TestImage	Emotient FACET	4200	4200			103	4200	1	167	176	312	312	-4.270676	0	1.115569	0	-6.15846	0	-1.455385	0	-0.9167016	0	-3.274825	0	-1.054003	0	2.198227	0	2.767847	0	-0.8930255	0	-4.270676	0	1.115569	0	-0.5327981	-1.948412	0.975578	-0.97032	-2.075729	-0.2174964	-3.593913	-2.471422	-1.513234	0.271817	-1.738202	-0.8170418	-2.359859	-0.8770972	-0.9411599	-0.3643298	-3.150536	-2.670201	-1.237918	-2.936977	-3.1215	3.151985	0.08598606	237.0076	266.5808	0	0	297.0775	268.3516	370.5875	265.3712	0	0	430.2529	264.1672	330.804	336.971	0	0						
AFDES	20160317	Medit F08angerface Forward-2	0	MALE	test	TestImage	Emotient FACET	4240	4240			104	4240	1	168	176	311	311	-4.37196	0	1.200842	0	-6.32915	0	-1.540182	0	-0.9708902	0	-3.287856	0	-1.083059	0	2.287165	0	2.845706	0	-0.9905186	0	-4.37196	0	1.200842	0	-0.5341744	-1.998466	1.010816	-1.019235	-2.089604	-0.1591978	-3.611351	-2.468364	-1.532269	0.309848	-1.766339	-0.8545853	-2.366039	-0.8697041	-0.908116	-0.3134279	-3.187103	-2.706257	-1.218117	-2.794243	-2.956418	3.0665	0.1157582	237.1647	266.5154	0	0	297.0853	268.2989	370.7756	265.5276	0	0	430.3184	264.1574	330.8061	335.8188	0	0						
AFDES	20160317	Medit F08angerface Forward-2	0	MALE	test	TestImage	Emotient FACET	4280	4280			105	4280	1	169	176	310	310	-4.407717	0	1.176213	0	-6.396523	0	-1.520188	0	-0.9385756	0	-3.240146	0	-1.120452	0	2.229294	0	2.784889	0	-0.9006835	0	-4.407717	0	1.176213	0	-0.6427999	-1.98673	0.8778703	-1.027412	-2.10101	-0.2118429	-3.578346	-2.378546	-1.50535	0.3030566	-1.785658	-0.8485211	-2.420321	-0.8213291	-0.8698004	-0.2725588	-3.204783	-2.705087	-1.29022	-2.804481	-2.590712	2.71122	0.5127814	237.4716	266.867	0	0	298.4562	267.9802	371.1819	265.5878	0	0	430.7198	264.3706	331.9128	335.1766	0	0						
AFDES	20160317	Medit F08angerface Forward-2	0	MALE	test	TestImage	Emotient FACET	4320	4320			106	4320	1	169	176	310	310	-4.560853	0	1.276162	0	-6.46073	0	-1.48675	0	-1.040898	0	-3.284052	0	-1.157176	0	2.31383	0	2.863374	0	-1.06392	0	-4.560853	0	1.276162	0	-0.5602248	-2.035296	1.055877	-0.9684439	-2.105467	-0.1618509	-3.588084	-2.396726	-1.544764	0.3215928	-1.817531	-0.8839725	-2.374734	-0.8111851	-0.8561155	-0.2924996	-3.221276	-2.781027	-1.375226	-2.895402	-2.597451	2.907585	0.2581484	237.9524	266.3886	0	0	296.9048	269.697	371.3219	265.3612	0	0	430.2993	264.0488	331.9033	335.9435	0	0						
AFDES	20160317	Medit F08angerface Forward-2	0	MALE	test	TestImage	Emotient FACET	4360	4360			107	4360	1	169	176	311	311	-4.538868	0	1.273208	0	-6.48974	0	-1.563275	0	-1.043713	0	-3.302202	0	-1.207531	0	2.350322	0	2.892649	0	-1.06731	0	-4.538868	0	1.273208	0	-0.595196	-2.06756	1.0374	-0.9904268	-2.126667	-0.1205207	-3.632721	-2.45284	-1.50532	0.2969901	-1.845964	-0.8735937	-2.366954	-0.8515024	-0.8494274	-0.2921325	-3.190276	-2.765014	-1.318701	-2.893187	-2.619649	2.752744	0.2468824	237.9919	266.3805	0	0	297.4875	269.2918	371.6919	265.7358	0	0	431.4086	264.1344	332.0954	335.1608	0	0						
AFDES	20160317	Medit F08angerface Forward-2	0	MALE	test	TestImage	Emotient FACET	4400	4400			108	4400	1	169	175	312	312	-4.498151	0	1.26788	0	-6.348815	0	-1.676856	0	-1.045148	0	-3.258313	0	-1.300163	0	2.371984	0	2.821932	0	-0.9517424	0	-4.498151	0	1.26788	0	-0.65044	-2.069901	0.9685298	-0.9236731	-2.133526	-0.1146748	-3.605331	-2.519496	-1.546564	0.2105918	-1.820558	-0.9146981	-2.341812	-0.9246418	-0.8978229	-0.3454312	-3.141935	-2.773296	-1.334831	-2.95728	-2.313768	2.657225	0.1954696	237.9324	266.1673	0	0	297.8665	268.113	372.3658	265.6468	0	0	431.4228	264.2048	332.6653	335.5005	0	0						
AFDES	20160317	Medit F08angerface Forward-2	0	MALE	test	TestImage	Emotient FACET	4440	4440			109	4440	1	169	175	310	310	-4.743607	0	1.433561	0	-6.509704	0	-1.551205	0	-1.0869	0	-3.41526	0	-1.19563	0	2.394986	0	2.976887	0	-1.228108	0	-4.743607	0	1.433561	0	-0.5865672	-2.145968	1.081682	-1.069704	-2.399366	-0.238552	-3.688521	-2.606125	-1.624571	0.3657418	-1.842916	-0.8047346	-2.278029	-0.8019501	-0.7600482	-0.08744641	-3.252657	-2.734278	-1.100166	-2.784175	-2.294413	2.748701	0.1149399	238.491	266.2007	0	0	297.8258	268.4977	370.8179	263.5632	0	0	431.3636	263.6821	331.5424	334.6004	0	0						
AFDES	20160317	Medit F08angerface Forward-2	0	MALE	test	TestImage	Emotient FACET	4480	4480			110	4480	1	170	176	310	310	-4.736578	0	1.415932	0	-6.540308	0	-1.574793	0	-1.134207	0	-3.338548	0	-1.182587	0	2.408136	0	2.953677	0	-1.179615	0	-4.736578	0	1.415932	0	-0.5962384	-2.128177	1.078293	-1.003461	-2.290435	-0.1450711	-3.658978	-2.551166	-1.6203	0.3103958	-1.838632	-0.8308907	-2.281558	-0.8464717	-0.7944788	-0.1733193	-3.234779	-2.772306	-1.197714	-2.838332	-2.443495	2.713273	0.151319	238.9247	266.1434	0	0	298.433	268.2225	371.9394	263.6207	0	0	431.3298	263.9877	332.0969	335.4631	0	0						
AFDES	20160317	Medit F08angerface Forward-2	0	MALE	test	TestImage	Emotient FACET	4520	4520			111	4520	1	170	176	309	309	-4.503794	0	1.358927	0	-6.425186	0	-1.454705	0	-0.9694173	0	-3.289662	0	-1.137366	0	2.322295	0	2.916032	0	-1.162095	0	-4.503794	0	1.358927	0	-0.5801471	-2.078507	1.035039	-1.001613	-2.18589	-0.1560362	-3.631928	-2.467311	-1.533122	0.3927904	-1.834823	-0.8658788	-2.350081	-0.8054216	-0.8285213	-0.2025987	-3.264894	-2.768127	-1.234008	-2.783404	-2.29474	2.671269	0.05204805	239.1761	266.2209	0	0	298.5625	268.2634	372.143	264.8268	0	0	431.3518	264.5794	332.9098	334.6479	0	0						
AFDES	20160317	Medit F08angerface Forward-2	0	MALE	test	TestImage	Emotient FACET	4560	4560			112	4560	1	170	176	310	310	-4.443269	0	1.252905	0	-6.429462	0	-1.484683	0	-0.9917523	0	-3.240042	0	-1.184121	0	2.312575	0	2.813917	0	-0.9770391	0	-4.443269	0	1.252905	0	-0.6233782	-2.043044	0.9746096	-0.9305184	-2.052703	-0.1195398	-3.650362	-2.421053	-1.533731	0.2834237	-1.848323	-0.971518	-2.459137	-0.845919	-0.894402	-0.3453804	-3.196869	-2.770979	-1.348948	-2.924097	-2.272724	2.775135	0.100243	239.2429	266.0745	0	0	298.869	268.2162	373.284	265.5405	0	0	431.392	264.5612	333.862	335.9229	0	0						
AFDES	20160317	Medit F08angerface Forward-2	0	MALE	test	TestImage	Emotient FACET	4600	4600			113	4600	1	170	176	310	310	-4.804891	0	1.480059	0	-6.685311	0	-1.554948	0	-1.181344	0	-3.314748	0	-1.200695	0	2.492395	0	3.02523	0	-1.353158	0	-4.804891	0	1.480059	0	-0.5237952	-2.201437	1.245945	-1.025024	-2.254352	-0.1072998	-3.582273	-2.496557	-1.660757	0.3310814	-1.863867	-0.8614505	-2.342103	-0.7669808	-0.819357	-0.1743152	-3.2375	-2.808137	-1.187959	-2.810063	-2.425078	2.905917	0.107127	239.354	266.2833	0	0	298.0264	268.2937	371.6968	263.6623	0	0	431.6611	263.8678	332.6809	335.6515	0	0						
AFDES	20160317	Medit F08angerface Forward-2	0	MALE	test	TestImage	Emotient FACET	4640	4640			114	4640	1	170	176	310	310	-4.856833	0	1.53025	0	-6.769652	0	-1.378833	0	-1.171719	0	-3.329375	0	-1.133904	0	2.445423	0	3.065583	0	-1.52303	0	-4.856833	0	1.53025	0	-0.4902165	-2.239284	1.309418	-1.04825	-2.298843	-0.1711555	-3.571846	-2.444378	-1.647946	0.4472218	-1.849717	-0.7912366	-2.367575	-0.6641511	-0.687543	-0.07228493	-3.268571	-2.753021	-1.106718	-2.855867	-2.572265	2.800562	0.1299477	239.2911	266.3585	0	0	298.3092	269.3018	371.6522	263.4831	0	0	431.3816	263.2684	332.8686	335.0974	0	0						
AFDES	20160317	Medit F08angerface Forward-2	0	MALE	test	TestImage	Emotient FACET	4680	4680			115	4680	1	170	176	310	310	-4.849812	0	1.569745	0	-6.875517	0	-1.533072	0	-1.199782	0	-3.337844	0	-1.17758	0	2.528917	0	3.12247	0	-1.57034	0	-4.849812	0	1.569745	0	-0.4538062	-2.261952	1.364581	-1.026834	-2.244154	-0.06128036	-3.590567	-2.524014	-1.642764	0.4139952	-1.883953	-0.8216851	-2.309567	-0.7553174	-0.6940234	-0.109685	-3.277038	-2.80513	-1.140967	-2.865934	-2.358858	2.806842	0.1510283	239.4676	266.1525	0	0	298.1871	269.2194	371.6515	263.5482	0	0	431.4653	263.1599	332.5694	335.7441	0	0						
AFDES	20160317	Medit F08angerface Forward-2	0	MALE	test	TestImage	Emotient FACET	4720	4720			116	4720	1	170	175	312	312	-4.836684	0	1.429712	0	-6.691198	0	-1.65313	0	-1.187871	0	-3.332677	0	-1.223093	0	2.489916	0	2.978311	0	-1.296404	0	-4.836684	0	1.429712	0	-0.5035851	-2.172975	1.235284	-0.9515088	-2.167585	-0.1317938	-3.61214	-2.553473	-1.632418	0.2684574	-1.92918	-0.9744574	-2.273032	-0.8714483	-0.8555823	-0.3162432	-3.260381	-2.914618	-1.490628	-2.996594	-2.300291	2.67273	0.1403519	239.7528	266.4248	0	0	297.7589	268.8945	371.695	263.7776	0	0	432.7893	263.5823	333.4153	336.4767	0	0						
AFDES	20160317	Medit F08angerface Forward-2	0	MALE	test	TestImage	Emotient FACET	4760	4760			117	4760	1	170	175	312	312	-4.782458	0	1.499557	0	-6.75069	0	-1.681343	0	-1.221362	0	-3.30109	0	-1.301271	0	2.554437	0	3.042409	0	-1.394013	0	-4.782458	0	1.499557	0	-0.5215673	-2.249321	1.279612	-0.9743856	-2.187882	-0.03810921	-3.603858	-2.531674	-1.617823	0.2774927	-1.898717	-0.9154088	-2.261249	-0.8342667	-0.793682	-0.2383341	-3.181279	-2.87289	-1.319655	-2.905782	-2.210057	2.643897	0.130987	239.7427	266.1002	0	0	297.9066	268.2012	371.6434	263.841	0	0	432.8012	263.6821	333.306	336.1649	0	0						
AFDES	20160317	Medit F08angerface Forward-2	0	MALE	test	TestImage	Emotient FACET	4800	4800			118	4800	1	170	176	310	310	-4.680719	0	1.44753	0	-6.675212	0	-1.492104	0	-1.174361	0	-3.236446	0	-1.184567	0	2.49883	0	3.007342	0	-1.415967	0	-4.680719	0	1.44753	0	-0.4353296	-2.20103	1.31695	-0.9689155	-2.105829	-0.01152719	-3.533417	-2.427577	-1.622491	0.3321338	-1.865584	-0.9401648	-2.307639	-0.7794493	-0.8466361	-0.2644082	-3.153226	-2.827719	-1.305072	-2.877327	-2.063879	2.607456	0.07583387	239.6645	266.1252	0	0	298.096	268.2313	371.592	264.1612	0	0	431.6911	263.8856	332.604	336.4832	0	0						
AFDES	20160317	Medit F08angerface Forward-2	0	MALE	test	TestImage	Emotient FACET	4840	4840			119	4840	1	169	175	311	311	-4.671656	0	1.503188	0	-6.773547	0	-1.702046	0	-1.227082	0	-3.177803	0	-1.268423	0	2.561114	0	3.070128	0	-1.438043	0	-4.671656	0	1.503188	0	-0.5172009	-2.276357	1.274092	-1.049233	-2.135193	0.0363977	-3.535657	-2.502	-1.590923	0.2949253	-1.839255	-0.9002809	-2.251031	-0.8218708	-0.7987319	-0.2210945	-3.148142	-2.842566	-1.208098	-2.836658	-2.101829	2.549091	0.1278018	239.5826	266.1226	0	0	298.753	267.8786	371.8372	263.8787	0	0	432.7864	263.5447	331.3778	335.2428	0	0						
AFDES	20160317	Medit F08angerface Forward-2	0	MALE	test	TestImage	Emotient FACET	4880	4880			120	4880	1	170	175	310	310	-4.76142	0	1.448008	0	-6.676829	0	-1.510857	0	-1.212245	0	-3.232042	0	-1.178565	0	2.49302	0	2.991863	0	-1.431435	0	-4.76142	0	1.448008	0	-0.4162417	-2.177996	1.318776	-0.9877765	-2.180893	-0.04617871	-3.564212	-2.445996	-1.671815	0.3082893	-1.87425	-0.9432185	-2.323438	-0.7517728	-0.8613415	-0.255475	-3.167782	-2.832586	-1.299052	-2.815641	-2.281154	2.731816	0.08567233	239.2406	266.2285	0	0	298.8518	267.8828	372.1228	263.3716	0	0	430.8784	263.0028	331.339	336.1246	0	0						
AFDES	20160317	Medit F08angerface Forward-2	0	MALE	test	TestImage	Emotient FACET	4920	4920			121	4920	1	169	175	310	310	-4.952078	0	1.55006	0	-6.84059	0	-1.56037	0	-1.268177	0	-3.378773	0	-1.132368	0	2.564061	0	3.112242	0	-1.638123	0	-4.952078	0	1.55006	0	-0.3215104	-2.246095	1.491384	-1.035303	-2.22892	-0.008830082	-3.595499	-2.564209	-1.745445	0.3687174	-1.92373	-0.9075601	-2.231714	-0.8037545	-0.7911504	-0.1682776	-3.244229	-2.874438	-1.26439	-2.95205	-2.351489	2.933992	0.004404117	239.1198	266.2357	0	0	298.2214	268.1304	371.0128	262.0057	0	0	430.7008	262.85	330.5855	336.0095	0	0						
AFDES	20160317	Medit F08angerface Forward-2	0	MALE	test	TestImage	Emotient FACET	4960	4960			122	4960	1	170	175	309	309	-4.813685	0	1.495134	0	-6.80014	0	-1.473737	0	-1.167816	0	-3.382604	0	-1.078494	0	2.464265	0	3.076117	0	-1.571688	0	-4.813685	0	1.495134	0	-0.3626083	-2.218766	1.401463	-1.062765	-2.249609	-0.07596376	-3.620366	-2.515036	-1.683064	0.4423994	-1.850166	-0.8442143	-2.266848	-0.7365244	-0.7476427	-0.101065	-3.277874	-2.825337	-1.153829	-2.908564	-2.36546	2.783349	0.01421801	239.2038	266.1563	0	0	298.8951	267.8521	370.9608	262.016	0	0	430.5247	262.7066	330.5686	335.7484	0	0						
AFDES	20160317	Medit F08angerface Forward-2	0	MALE	test	TestImage	Emotient FACET	5000	5000			123	5000	1	170	175	310	310	-4.486161	0	1.292146	0	-6.479064	0	-1.400778	0	-1.092019	0	-3.319752	0	-1.159098	0	2.401596	0	2.878286	0	-1.248088	0	-4.486161	0	1.292146	0	-0.378291	-2.082424	1.261674	-0.8703782	-2.020529	-0.004820332	-3.737038	-2.531928	-1.602702	0.2733167	-1.946065	-1.123276	-2.40325	-0.831316	-0.9699554	-0.4534749	-3.158156	-2.900622	-1.485889	-2.895082	-2.390429	2.332753	0.1220624	238.961	265.7962	0	0	299.275	267.737	371.8365	263.7956	0	0	431.2703	263.5474	332.0929	336.1721	0	0						
AFDES	20160317	Medit F08angerface Forward-2	0	MALE	test	TestImage	Emotient FACET	5040	5040			124	5040	1	170	175	309	309	-4.478517	0	1.39878	0	-6.51612	0	-1.521822	0	-1.086845	0	-3.305676	0	-1.117161	0	2.420106	0	2.976733	0	-1.293044	0	-4.478517	0	1.39878	0	-0.3963169	-2.111181	1.237306	-0.9513528	-2.069477	0.01856336	-3.668741	-2.539244	-1.607442	0.3595139	-1.838426	-1.007249	-2.295264	-0.8685451	-0.8732644	-0.2926978	-3.217258	-2.836573	-1.229819	-2.802265	-2.404555	2.229778	0.1899649	238.9892	265.8105	0	0	298.7122	267.6131	371.6385	263.791	0	0	431.3092	263.5516	330.662	334.2897	0	0						
AFDES	20160317	Medit F08angerface Forward-2	0	MALE	test	TestImage	Emotient FACET	5080	5080			125	5080	1	169	174	312	312	-4.905663	0	1.522825	0	-6.753659	0	-1.689503	0	-1.320637	0	-3.283337	0	-1.242726	0	2.596075	0	3.055846	0	-1.535958	0	-4.905663	0	1.522825	0	-0.3635212	-2.252419	1.490547	-0.9612638	-2.112852	0.06182294	-3.544301	-2.593222	-1.714044	0.2367867	-1.904638	-0.9809613	-2.22675	-0.8904823	-0.867146	-0.3177653	-3.16737	-2.936954	-1.343189	-2.926175	-2.245609	2.163716	0.1084774	238.7597	265.8117	0	0	298.8323	267.6042	371.8335	261.7481	0	0	431.903	262.4398	330.5235	335.5392	0	0						
AFDES	20160317	Medit F08angerface Forward-2	0	MALE	test	TestImage	Emotient FACET	5120	5120			126	5120	1	169	174	311	311	-4.849649	0	1.48068	0	-6.726894	0	-1.570918	0	-1.302229	0	-3.322499	0	-1.225177	0	2.586057	0	3.048168	0	-1.528039	0	-4.849649	0	1.48068	0	-0.3059836	-2.234257	1.527051	-0.9069806	-2.068463	0.09289946	-3.62425	-2.622127	-1.766016	0.2272809	-1.958229	-1.091786	-2.364365	-0.8572472	-0.9986554	-0.4441501	-3.164842	-2.969445	-1.414544	-2.972945	-2.39096	2.127868	0.07650468	238.4106	265.8901	0	0	298.7436	267.6505	371.3875	262.8556	0	0	431.8392	262.4538	330.0846	335.0065	0	0						
AFDES	20160317	Medit F08angerface Forward-2	0	MALE	test	TestImage	Emotient FACET	5160	5160			127	5160	1	170	175	310	310	-4.403034	0	1.308288	0	-6.464969	0	-1.468102	0	-1.076874	0	-3.217881	0	-1.149362	0	2.380946	0	2.87235	0	-1.149012	0	-4.403034	0	1.308288	0	-0.4367669	-2.056117	1.159101	-0.8877359	-1.966006	-0.006341788	-3.684168	-2.452425	-1.56162	0.2811264	-1.854901	-1.069092	-2.416927	-0.8363688	-0.9366395	-0.4385958	-3.178773	-2.880858	-1.436983	-2.816377	-2.3509	2.061259	0.2968486	239.6845	265.0711	0	0	299.0376	266.7736	372.6189	264.026	0	0	431.5261	263.02	332.3991	334.7012	0	0						
AFDES	20160317	Medit F08angerface Forward-2	0	MALE	test	TestImage	Emotient FACET	5200	5200			128	5200	1	170	175	309	309	-4.58529	0	1.453508	0	-6.658369	0	-1.529271	0	-1.135558	0	-3.272702	0	-1.104521	0	2.456607	0	3.027951	0	-1.387372	0	-4.58529	0	1.453508	0	-0.3705899	-2.138319	1.303147	-0.9731213	-2.074121	0.003894608	-3.634194	-2.463425	-1.622823	0.3706621	-1.830947	-0.9570528	-2.305057	-0.7714037	-0.8631777	-0.2814303	-3.248965	-2.904556	-1.342329	-2.726238	-2.37017	1.929155	0.2475751	239.6863	264.8543	0	0	299.0072	266.7626	371.4059	262.7159	0	0	431.6015	263.0246	332.2551	333.9304	0	0						
AFDES	20160317	Medit F08angerface Forward-2	0	MALE	test	TestImage	Emotient FACET	5240	5240			129	5240	1	170	175	309	309	-4.901437	0	1.488866	0	-6.83123	0	-1.494099	0	-1.243223	0	-3.405821	0	-1.082032	0	2.553269	0	3.069058	0	-1.567347	0	-4.901437	0	1.488866	0	-0.2470288	-2.211511	1.528657	-0.9566139	-2.134929	0.02131567	-3.703091	-2.534576	-1.765531	0.3588824	-1.908407	-1.012782	-2.338277	-0.761353	-0.9165515	-0.3332985	-3.292639	-3.015955	-1.428785	-2.781034	-2.13124	1.814933	0.3730077	239.3358	265.5236	0	0	298.1029	266.4957	371.8586	262.3067	0	0	430.5236	262.4349	331.223	333.953	0	0						
AFDES	20160317	Medit F08angerface Forward-2	0	MALE	test	TestImage	Emotient FACET	5280	5280			130	5280	1	170	174	309	309	-4.535946	0	1.373447	0	-6.592289	0	-1.542542	0	-1.080186	0	-3.271777	0	-1.057698	0	2.435756	0	2.982082	0	-1.30103	0	-4.535946	0	1.373447	0	-0.379079	-2.077465	1.236895	-0.9748247	-2.053406	-0.008663785	-3.629473	-2.453744	-1.585285	0.3648952	-1.800806	-0.955636	-2.286491	-0.7620956	-0.8548909	-0.2890692	-3.245176	-2.866498	-1.264722	-2.635506	-2.461967	1.706613	0.2477401	239.371	264.4351	0	0	298.998	266.4718	372.1328	263.555	0	0	431.3105	261.7347	331.1554	332.9254	0	0						
AFDES	20160317	Medit F08angerface Forward-2	0	MALE	test	TestImage	Emotient FACET	5320	5320			131	5320	1	170	174	310	310	-4.438345	0	1.268724	0	-6.44812	0	-1.601115	0	-1.106866	0	-3.159981	0	-1.116205	0	2.427449	0	2.863345	0	-1.114636	0	-4.438345	0	1.268724	0	-0.3942309	-2.048559	1.191394	-0.9216956	-1.934873	0.03163271	-3.612394	-2.444613	-1.60822	0.2050503	-1.812281	-1.074117	-2.333667	-0.8822449	-0.9985851	-0.4717472	-3.145263	-2.874158	-1.400846	-2.740123	-2.43876	1.635909	0.185314	239.2813	264.4884	0	0	298.9446	266.3932	372.9698	263.9622	0	0	431.3033	261.7357	330.8976	334.0815	0	0						
AFDES	20160317	Medit F08angerface Forward-2	0	MALE	test	TestImage	Emotient FACET	5360	5360			132	5360	1	170	174	309	309	-4.747701	0	1.411101	0	-6.740438	0	-1.552317	0	-1.184726	0	-3.341236	0	-1.096692	0	2.487297	0	3.008986	0	-1.451648	0	-4.747701	0	1.411101	0	-0.2992424	-2.164607	1.432095	-0.9877881	-2.061991	0.03726931	-3.618784	-2.498606	-1.703762	0.3531346	-1.92011	-1.029074	-2.301593	-0.8057207	-0.8947147	-0.3259121	-3.237261	-2.931319	-1.380909	-2.74052	-2.13533	1.90139	0.377161	238.6033	265.5322	0	0	299.1891	266.3508	372.116	261.8692	0	0	430.4857	262.4827	331.1594	334.0788	0	0						
AFDES	20160317	Medit F08angerface Forward-2	0	MALE	test	TestImage	Emotient FACET	5400	5400			133	5400	1	170	174	310	310	-4.659633	0	1.369564	0	-6.699999	0	-1.596269	0	-1.170163	0	-3.252383	0	-1.142139	0	2.460729	0	2.940901	0	-1.278768	0	-4.659633	0	1.369564	0	-0.4237476	-2.143832	1.280824	-0.944153	-2.035407	-0.02005736	-3.668561	-2.451838	-1.616196	0.2894042	-1.911299	-1.03944	-2.321721	-0.8526442	-0.8930666	-0.371037	-3.251492	-2.960824	-1.467826	-2.806201	-2.315671	1.538186	0.1383607	239.337	264.5655	0	0	298.9293	266.3907	372.9405	263.5324	0	0	431.4485	261.576	332.861	333.9846	0	0						
AFDES	20160317	Medit F08angerface Forward-2	0	MALE	test	TestImage	Emotient FACET	5440	5440			134	5440	1	169	174	311	311	-4.778848	0	1.425459	0	-6.787861	0	-1.720062	0	-1.277799	0	-3.250747	0	-1.206849	0	2.585695	0	2.986587	0	-1.484226	0	-4.778848	0	1.425459	0	-0.3024139	-2.235788	1.502997	-0.9455645	-1.963041	0.1565295	-3.504654	-2.582634	-1.7201	0.2229056	-1.912453	-1.092233	-2.267246	-0.9091538	-0.9787348	-0.4461107	-3.155485	-2.9461	-1.477801	-2.861775	-2.082021	1.918531	0.3661459	237.1833	265.2066	0	0	299.1115	266.5159	372.0057	261.81	0	0	430.5486	262.3831	331.3362	334.1355	0	0						
AFDES	20160317	Medit F08angerface Forward-2	0	MALE	test	TestImage	Emotient FACET	5480	5480			135	5480	1	170	174	309	309	-4.479066	0	1.351259	0	-6.691395	0	-1.557475	0	-1.127671	0	-3.243635	0	-1.122377	0	2.461832	0	2.966768	0	-1.353804	0	-4.479066	0	1.351259	0	-0.3659872	-2.133466	1.305581	-0.9579479	-1.972831	0.05130108	-3.665645	-2.454764	-1.58432	0.3347028	-1.884206	-1.048498	-2.381003	-0.7893516	-0.884346	-0.3696061	-3.21681	-2.911311	-1.359537	-2.714891	-2.340556	1.653956	0.153835	239.4989	264.6212	0	0	298.861	266.423	371.9954	263.2435	0	0	431.0819	261.9814	331.5433	334.1693	0	0						
AFDES	20160317	Medit F08angerface Forward-2	0	MALE	test	TestImage	Emotient FACET	5520	5520			136	5520	1	170	174	309	309	-4.551887	0	1.480107	0	-6.817585	0	-1.610345	0	-1.123589	0	-3.30862	0	-1.152523	0	2.511327	0	3.113043	0	-1.493049	0	-4.551887	0	1.480107	0	-0.4261508	-2.191456	1.298208	-1.014111	-2.108157	0.05055834	-3.632397	-2.492792	-1.569887	0.4023215	-1.804859	-0.8597543	-2.323573	-0.7019861	-0.773858	-0.180093	-3.257706	-2.841779	-1.097492	-2.622886	-2.45414	1.693632	0.09098459	239.4085	264.5623	0	0	298.9252	266.4424	372.362	261.4105	0	0	431.0442	261.8951	330.4933	332.5617	0	0						
AFDES	20160317	Medit F08angerface Forward-2	0	MALE	test	TestImage	Emotient FACET	5560	5560			137	5560	1	170	174	309	309	-4.635545	0	1.411128	0	-6.765483	0	-1.56082	0	-1.166177	0	-3.288307	0	-1.131344	0	2.476879	0	3.017891	0	-1.433769	0	-4.635545	0	1.411128	0	-0.405083	-2.179905	1.332821	-1.000309	-2.126253	0.01381382	-3.593094	-2.461453	-1.633541	0.3523462	-1.838917	-0.9185286	-2.357239	-0.6893412	-0.8380975	-0.2448086	-3.206921	-2.850216	-1.193337	-2.707493	-2.47238	1.77808	0.1493662	239.4931	264.6828	0	0	298.6069	266.5539	371.86	260.6964	0	0	430.9511	261.8126	330.4894	333.4032	0	0						
AFDES	20160317	Medit F08angerface Forward-2	0	MALE	test	TestImage	Emotient FACET	5600	5600			138	5600	1	171	174	309	309	-4.496668	0	1.429222	0	-6.644414	0	-1.421437	0	-1.083149	0	-3.26359	0	-1.117901	0	2.416593	0	3.032175	0	-1.422611	0	-4.496668	0	1.429222	0	-0.4634256	-2.15928	1.263299	-0.9515434	-2.122856	-0.009902949	-3.629155	-2.433787	-1.55657	0.4274966	-1.849288	-0.8792722	-2.380408	-0.6623533	-0.7704977	-0.1896956	-3.203471	-2.769135	-1.116872	-2.737396	-2.330451	1.780713	0.1590516	239.7335	265.1931	0	0	298.6022	266.448	373.4854	261.1149	0	0	431.0167	261.9189	330.3582	332.072	0	0						
AFDES	20160317	Medit F08angerface Forward-2	0	MALE	test	TestImage	Emotient FACET	5640	5640			139	5640	1	170	174	310	310	-4.621296	0	1.431696	0	-6.760182	0	-1.586601	0	-1.177519	0	-3.222996	0	-1.137124	0	2.504026	0	3.045971	0	-1.497835	0	-4.621296	0	1.431696	0	-0.4135548	-2.223104	1.36196	-1.050393	-2.076079	0.05168573	-3.473778	-2.477398	-1.603185	0.3870715	-1.786418	-0.8607206	-2.265605	-0.7063733	-0.7600999	-0.1628833	-3.181538	-2.788489	-1.097822	-2.759004	-2.055529	1.957848	0.4094922	238.2057	264.3131	0	0	298.736	266.4366	372.6375	261.6707	0	0	429.9261	260.885	330.4844	332.9488	0	0						
AFDES	20160317	Medit F08angerface Forward-2	0	MALE	test	TestImage	Emotient FACET	5680	5680			140	5680	1	170	174	309	309	-4.66704	0	1.466643	0	-6.791197	0	-1.50167	0	-1.151683	0	-3.293242	0	-1.128583	0	2.494451	0	3.112471	0	-1.550841	0	-4.66704	0	1.466643	0	-0.3930777	-2.213011	1.357271	-1.084553	-2.168326	-0.02113616	-3.572969	-2.459081	-1.639485	0.4242954	-1.901754	-0.8688453	-2.343173	-0.6684023	-0.7794647	-0.1511829	-3.243015	-2.782856	-1.102341	-2.677831	-2.374996	1.855084	0.1455489	239.4346	264.4895	0	0	298.8214	266.4773	372.0502	260.9792	0	0	430.6544	261.1898	330.5149	332.7895	0	0						
AFDES	20160317	Medit F08angerface Forward-2	0	MALE	test	TestImage	Emotient FACET	5720	5720			141	5720	1	169	173	310	310	-4.726456	0	1.426	0	-6.832987	0	-1.647835	0	-1.272803	0	-3.136687	0	-1.166795	0	2.580929	0	3.011379	0	-1.553851	0	-4.726456	0	1.426	0	-0.3606084	-2.263139	1.465529	-1.021282	-1.982357	0.1696633	-3.43123	-2.475116	-1.638301	0.3137468	-1.826131	-0.9649004	-2.242558	-0.7831175	-0.8168732	-0.2545613	-3.123069	-2.850252	-1.230707	-2.846371	-2.152542	1.992844	0.307646	237.3272	264.4795	0	0	298.8469	266.425	372.7067	261.6384	0	0	429.9147	261.0696	330.6549	332.7733	0	0						
AFDES	20160317	Medit F08angerface Forward-2	0	MALE	test	TestImage	Emotient FACET	5760	5760			142	5760	1	171	174	308	308	-4.470716	0	1.389078	0	-6.816942	0	-1.292036	0	-1.092634	0	-3.277636	0	-1.070562	0	2.411206	0	3.023898	0	-1.583101	0	-4.470716	0	1.389078	0	-0.3222876	-2.177264	1.419334	-0.9522086	-2.020696	0.02549796	-3.628321	-2.406057	-1.575761	0.4827984	-1.943032	-0.9598168	-2.4435	-0.5960931	-0.7878128	-0.2431671	-3.226826	-2.827152	-1.222037	-2.749794	-2.05858	1.84441	0.3449271	239.5292	264.8094	0	0	299.3034	266.5407	372.87	261.8542	0	0	429.7601	261.0681	331.0067	333.9941	0	0						
AFDES	20160317	Medit F08angerface Forward-2	0	MALE	test	TestImage	Emotient FACET	5800	5800			143	5800	1	170	174	310	310	-4.619668	0	1.32689	0	-6.7403	0	-1.523257	0	-1.213121	0	-3.206151	0	-1.110935	0	2.485974	0	2.912251	0	-1.433532	0	-4.619668	0	1.32689	0	-0.3036953	-2.150236	1.436761	-0.9507514	-1.946419	0.07426374	-3.551318	-2.446894	-1.662915	0.287423	-1.936239	-1.098076	-2.321823	-0.7664778	-0.9250387	-0.3981041	-3.161182	-2.902237	-1.442644	-2.769273	-2.222464	1.710465	0.3221414	238.5707	265.3967	0	0	298.7921	266.0213	372.4468	262.0982	0	0	430.9814	261.5903	331.4822	333.4252	0	0						
AFDES	20160317	Medit F08angerface Forward-2	0	MALE	test	TestImage	Emotient FACET	5840	5840			144	5840	1	170	174	309	309	-4.617868	0	1.330826	0	-6.80929	0	-1.596697	0	-1.150625	0	-3.207661	0	-1.108191	0	2.46797	0	2.940881	0	-1.416125	0	-4.617868	0	1.330826	0	-0.3482893	-2.164589	1.364397	-1.004157	-1.94639	0.04836104	-3.576931	-2.402755	-1.622404	0.3237899	-1.903011	-1.041207	-2.329051	-0.7350817	-0.877659	-0.3596357	-3.195369	-2.91457	-1.430826	-2.77703	-2.216264	1.744735	0.1772918	239.282	265.1516	0	0	298.8488	266.0022	372.3241	261.7841	0	0	431.0912	261.5536	331.378	333.2791	0	0						
AFDES	20160317	Medit F08angerface Forward-2	0	MALE	test	TestImage	Emotient FACET	5880	5880			145	5880	1	170	174	308	308	-4.707126	0	1.355977	0	-6.928527	0	-1.50675	0	-1.146137	0	-3.261071	0	-1.025519	0	2.46055	0	3.006248	0	-1.547318	0	-4.707126	0	1.355977	0	-0.2916136	-2.200374	1.462852	-1.075203	-1.984879	0.0514274	-3.53179	-2.438014	-1.695692	0.4025894	-1.921619	-0.9989328	-2.437043	-0.6664232	-0.862127	-0.2805368	-3.222263	-2.860397	-1.30551	-2.837815	-2.043612	1.775077	0.1444915	238.7916	264.9875	0	0	299.2173	266.4739	371.3171	260.6334	0	0	429.9008	261.5527	330.8629	333.5558	0	0						
AFDES	20160317	Medit F08angerface Forward-2	0	MALE	test	TestImage	Emotient FACET	5920	5920			146	5920	1	171	174	310	310	-4.773395	0	1.274508	0	-6.853174	0	-1.568092	0	-1.19804	0	-3.275371	0	-1.081838	0	2.484308	0	2.884089	0	-1.38691	0	-4.773395	0	1.274508	0	-0.2888854	-2.169442	1.452153	-0.96269	-1.933996	0.0481899	-3.61239	-2.409589	-1.705207	0.2914536	-1.958048	-1.13915	-2.3708	-0.7387266	-0.9707927	-0.4767589	-3.215522	-2.987095	-1.633246	-2.783004	-2.148532	1.561829	0.1712671	239.3066	264.9999	0	0	299.498	266.197	372.6544	262.3054	0	0	431.1169	261.4964	332.4544	333.9775	0	0						
AFDES	20160317	Medit F08angerface Forward-2	0	MALE	test	TestImage	Emotient FACET	5960	5960			147	5960	1	170	174	309	309	-4.659628	0	1.199917	0	-6.745775	0	-1.685479	0	-1.132935	0	-3.160902	0	-1.041628	0	2.473857	0	2.834753	0	-1.225541	0	-4.659628	0	1.199917	0	-0.247869	-2.062122	1.332544	-1.094435	-1.884359	0.05757535	-3.498449	-2.385298	-1.651997	0.2855118	-1.798924	-1.120994	-2.340406	-0.7525457	-0.9605513	-0.4421857	-3.093689	-2.85447	-1.459491	-2.723317	-2.173557	1.394314	0.0756323	239.2529	264.6747	0	0	299.5801	266.7628	371.9113	262.0507	0	0	431.643	262.1837	331.0076	332.7388	0	0						
AFDES	20160317	Medit F08angerface Forward-2	0	MALE	test	TestImage	Emotient FACET	6000	6000			148	6000	1	173	177	305	305	-4.971803	0	0.8445647	0	-9.043778	0	-3.508232	0	-1.079215	0	-3.080868	0	-0.8791838	0	2.770838	0	3.112808	0	-1.451836	0	-4.971803	0	0.8445647	0	0.02678692	-2.002583	1.333352	-2.562478	-1.820173	0.3374967	-3.175284	-2.338659	-1.479242	0.426804	-1.67174	-0.9762136	-2.489227	-0.6973839	-0.7232197	-0.3339851	-3.010845	-2.583351	-1.419046	-1.654812	-2.113948	-0.1128821	0.2847319	240.2417	267.7851	0	0	299.6709	266.6846	373.4302	265.2235	0	0	430.5601	263.9528	331.3362	331.8292	0	0						
AFDES	20160317	Medit F08angerface Forward-2	0	MALE	test	TestImage	Emotient FACET	6040	6040			149	6040	1	171	177	307	307	-4.983155	0	0.2365358	0	-9.537219	0	-4.025142	0	-0.9552751	0	-2.747173	0	-0.7148491	0	2.693351	0	2.748065	0	-1.148387	0	-4.983155	0	0.2365358	0	0.07730421	-1.957907	1.293582	-3.496463	-2.354574	-0.2825949	-2.812108	-2.26797	-1.327742	0.3586252	-1.449507	-1.015096	-2.49476	-0.7257969	-0.8654891	-0.5774532	-2.965924	-2.691413	-1.334614	-0.1275588	-1.960157	-0.5915006	0.03557719	235.5196	269.3688	0	0	304.0499	266.4936	373.0671	266.9463	0	0	430.3894	266.9785	332.1666	331.2222	0	0						
AFDES	20160317	Medit F08angerface Forward-2	0	MALE	test	TestImage	Emotient FACET	6080	6080			150	6080	1	172	177	308	308	-5.05386	0	0.3081519	0	-9.597763	0	-4.076799	0	-1.021591	0	-2.786714	0	-0.7688178	0	2.718733	0	2.788854	0	-1.22988	0	-5.05386	0	0.3081519	0	0.09624515	-1.979687	1.357625	-3.395756	-2.198402	-0.06081678	-2.873038	-2.312165	-1.372722	0.3314211	-1.547756	-1.039112	-2.505121	-0.7378719	-0.8130937	-0.5773265	-2.941539	-2.680142	-1.456223	-0.4594798	-2.147454	-0.4415411	0.2575834	237.5536	269.1609	0	0	302.4666	265.9424	374.0725	266.4633	0	0	431.3654	266.0494	332.231	331.6123	0	0						
AFDES	20160317	Medit F08angerface Forward-2	0	MALE	test	TestImage	Emotient FACET	6120	6120			151	6120	1	173	177	306	306	-4.972926	0	0.6820179	0	-9.58926	0	-4.19307	0	-1.056698	0	-2.885953	0	-1.027245	0	2.893417	0	3.099242	0	-1.314055	0	-4.972926	0	0.6820179	0	0.003346653	-1.977548	1.269083	-2.914217	-1.724322	0.4129416	-2.936788	-2.392779	-1.401592	0.3000421	-1.757143	-1.119727	-2.586807	-0.7684181	-0.8247023	-0.5527536	-2.962253	-2.636756	-1.657782	-1.386208	-2.094223	-0.1407705	0.1001576	240.3328	268.3164	0	0	299.7115	266.9449	374.4207	266.0221	0	0	431.7748	264.833	332.2395	331.5837	0	0						
AFDES	20160317	Medit F08angerface Forward-2	0	MALE	test	TestImage	Emotient FACET	6160	6160			152	6160	1	170	175	310	310	-4.868661	0	0.7500283	0	-8.671816	0	-3.694272	0	-1.118626	0	-2.630705	0	-0.9642019	0	2.814965	0	2.970964	0	-1.228325	0	-4.868661	0	0.7500283	0	-0.07155807	-2.062523	1.38634	-2.36148	-1.481164	0.4948442	-2.850274	-2.290095	-1.412823	0.1864893	-1.645675	-1.0796	-2.315702	-0.7482815	-1.01218	-0.5652676	-2.875161	-2.782763	-1.576725	-1.90949	-1.859408	-0.1114951	0.3609965	238.0233	266.131	0	0	299.4366	266.5088	374.0217	266.4031	0	0	431.9962	263.725	331.1041	331.8141	0	0						
AFDES	20160317	Medit F08angerface Forward-2	0	MALE	test	TestImage	Emotient FACET	6200	6200			153	6200	1	172	175	308	308	-4.993957	0	0.9210259	0	-8.5516	0	-3.287428	0	-1.150197	0	-2.9875	0	-0.9847646	0	2.786119	0	3.04053	0	-1.326212	0	-4.993957	0	0.9210259	0	-0.04528866	-2.093122	1.33435	-2.180173	-1.657958	0.390043	-3.231611	-2.419731	-1.539354	0.2981626	-1.698596	-1.133223	-2.426499	-0.7250954	-0.8990619	-0.4880215	-2.987381	-2.768641	-1.692466	-2.203024	-1.91599	0.1646707	0.3673725	240.2096	266.6401	0	0	299.5854	266.4385	373.554	265.5735	0	0	432.8197	262.9824	331.4802	331.2346	0	0						
