#Study : AFDES
#Date : 20160317 11:57:14
#Version : 5.7.2389.1
#TestRunDate : 20160317 11:53:16.023 (+01:00)

StudyName	ExportDate	Name	Age	Gender	StimulusName	SlideType	EventSource	Timestamp	MediaTime	PostMarker	Annotation	FrameNo	FrameTime	NoOfFaces	FaceRect X	FaceRect Y	FaceRect Width	FaceRect Height	Joy Evidence	Joy Intensity	Anger Evidence	Anger Intensity	Surprise Evidence	Surprise Intensity	Fear Evidence	Fear Intensity	Contempt Evidence	Contempt Intensity	Disgust Evidence	Disgust Intensity	Sadness Evidence	Sadness Intensity	Confusion Evidence	Confusion Intensity	Frustration Evidence	Frustration Intensity	Neutral Evidence	Neutral Intensity	Positive Evidence	Positive Intensity	Negative Evidence	Negative Intensity	AU1 Evidence	AU2 Evidence	AU4 Evidence	AU5 Evidence	AU6 Evidence	AU7 Evidence	AU9 Evidence	AU10 Evidence	AU12 Evidence	AU14 Evidence	AU15 Evidence	AU17 Evidence	AU18 Evidence	AU20 Evidence	AU23 Evidence	AU24 Evidence	AU25 Evidence	AU26 Evidence	AU28 Evidence	AU43 Evidence	Yaw Degrees	Pitch Degrees	Roll Degrees	LEFT_EYE_LATERAL X	LEFT_EYE_LATERAL Y	LEFT_EYE_PUPIL X	LEFT_EYE_PUPIL Y	LEFT_EYE_MEDIAL X	LEFT_EYE_MEDIAL Y	RIGHT_EYE_MEDIAL X	RIGHT_EYE_MEDIAL Y	RIGHT_EYE_PUPIL X	RIGHT_EYE_PUPIL Y	RIGHT_EYE_LATERAL X	RIGHT_EYE_LATERAL Y	NOSE_TIP X	NOSE_TIP Y	7 X	7 Y	LiveMarker	KeyStroke	MarkerText	SceneType	SceneOutput	SceneParent
AFDES	20160317	Medit M10surpriseface Forward-6	0	MALE	test	TestImage	Emotient FACET	80	80			0	80	1	181	161	296	296	-4.628925	0	-2.388353	0	-0.5326018	0	-0.0773963	0	-0.865006	0	-2.253311	0	-1.318151	0	-1.376106	0	-1.824599	0	1.949574	0	-4.628925	0	-0.0773963	0	0.282612	0.2149384	-0.5288799	-0.6152354	-1.061924	-0.8227735	-3.444417	-1.390684	-2.372826	-1.772474	-1.578124	-1.524481	-0.9206066	-1.295663	-1.087341	-1.824297	-1.126836	-1.414174	-3.221312	-1.179525	0.8670483	5.405221	-3.247626	254.2871	238.6168	0	0	307.084	243.3009	375.0983	247.4821	0	0	428.0232	246.8528	339.9083	326.3268	0	0						
AFDES	20160317	Medit M10surpriseface Forward-6	0	MALE	test	TestImage	Emotient FACET	120	120			1	120	1	183	162	294	294	-4.893059	0	-2.622282	0	-0.2318406	0	-0.01361874	0	-0.9930107	0	-2.432138	0	-1.438325	0	-1.63398	0	-2.14849	0	1.989598	0	-4.893059	0	-0.01361874	0	0.3208743	0.3027271	-0.5905574	-0.5599928	-1.251342	-0.9862079	-3.683659	-1.439516	-2.40159	-1.829235	-1.60371	-1.533898	-0.8380684	-1.449421	-1.075989	-1.803101	-1.12785	-1.524667	-3.379405	-1.053592	0.6634421	5.077435	-3.168115	254.1235	239.9025	0	0	308.753	244.1881	376.1352	246.7485	0	0	427.5131	246.691	340.7528	325.2924	0	0						
AFDES	20160317	Medit M10surpriseface Forward-6	0	MALE	test	TestImage	Emotient FACET	160	160			2	160	1	183	162	294	294	-4.923165	0	-2.602863	0	-0.1832464	0	0.04730835	0	-1.046674	0	-2.362612	0	-1.495762	0	-1.672169	0	-2.200985	0	2.004018	0	-4.923165	0	0.04730835	0	0.2699626	0.2738257	-0.6008699	-0.5748966	-1.287614	-0.9997314	-3.627444	-1.393647	-2.410195	-1.863721	-1.587025	-1.53905	-0.8929232	-1.344182	-1.046038	-1.851904	-1.0273	-1.491239	-3.375551	-1.013822	0.8769391	5.233025	-3.402064	255.4446	239.0133	0	0	308.2525	244.5681	375.0514	246.5326	0	0	427.8577	246.0774	340.0102	326.3303	0	0						
AFDES	20160317	Medit M10surpriseface Forward-6	0	MALE	test	TestImage	Emotient FACET	200	200			3	200	1	183	162	293	293	-4.908548	0	-2.546727	0	-0.1667183	0	0.11927	0	-1.045132	0	-2.32573	0	-1.455601	0	-1.615222	0	-2.137407	0	1.977011	0	-4.908548	0	0.11927	0	0.2608945	0.2639501	-0.5922077	-0.5604008	-1.278681	-1.021839	-3.600443	-1.352733	-2.391497	-1.870219	-1.562433	-1.533929	-0.9616787	-1.310225	-1.038735	-1.856651	-1.005556	-1.5304	-3.387392	-0.9600545	0.904247	5.205598	-3.466097	255.3762	239.4133	0	0	308.1937	244.5389	374.9151	246.5175	0	0	427.8546	246.0436	340.0831	325.864	0	0						
AFDES	20160317	Medit M10surpriseface Forward-6	0	MALE	test	TestImage	Emotient FACET	240	240			4	240	1	182	161	294	294	-4.894525	0	-2.467613	0	-0.2548515	0	0.003956177	0	-1.084337	0	-2.124751	0	-1.376601	0	-1.624421	0	-2.166745	0	1.974946	0	-4.894525	0	0.003956177	0	0.2083625	0.1817171	-0.5478929	-0.6170745	-1.249589	-0.9940821	-3.405065	-1.271479	-2.411896	-1.909641	-1.501193	-1.499958	-0.94361	-1.310719	-1.065891	-1.915123	-0.9710453	-1.463991	-3.460063	-0.9783866	0.9325879	5.426772	-3.407284	255.3201	238.7549	0	0	307.2834	243.0191	374.7875	246.5301	0	0	427.481	246.7554	339.8219	326.4922	0	0						
AFDES	20160317	Medit M10surpriseface Forward-6	0	MALE	test	TestImage	Emotient FACET	280	280			5	280	1	183	163	293	293	-4.881712	0	-2.620495	0	-0.1337857	0	0.2158922	0	-1.027835	0	-2.408174	0	-1.345538	0	-1.692833	0	-2.218956	0	1.884444	0	-4.881712	0	0.2158922	0	0.4167191	0.4165971	-0.5177388	-0.39056	-1.211852	-0.9900104	-3.703616	-1.342004	-2.34235	-1.806025	-1.493553	-1.528151	-0.9375313	-1.388568	-1.124926	-1.855169	-1.091199	-1.520919	-3.386949	-0.9935673	0.5275756	5.196759	-3.244379	255.0729	240.5796	0	0	307.747	245.0695	375.4763	247.2827	0	0	427.0634	247.2447	339.3164	326.9725	0	0						
AFDES	20160317	Medit M10surpriseface Forward-6	0	MALE	test	TestImage	Emotient FACET	320	320			6	320	1	183	163	293	293	-4.96403	0	-2.638813	0	-0.1727145	0	0.2233177	0	-1.040655	0	-2.450199	0	-1.39694	0	-1.726357	0	-2.242817	0	1.890833	0	-4.96403	0	0.2233177	0	0.3927639	0.4081076	-0.5366889	-0.3994797	-1.231291	-0.9932995	-3.758939	-1.382933	-2.341872	-1.827589	-1.499771	-1.543714	-0.9531596	-1.350721	-1.112061	-1.883666	-1.097334	-1.525929	-3.420672	-1.009418	0.6887057	5.202674	-3.173588	255.0807	240.7235	0	0	307.6198	245.0318	375.4019	247.4336	0	0	427.1347	247.3239	339.2184	326.6306	0	0						
AFDES	20160317	Medit M10surpriseface Forward-6	0	MALE	test	TestImage	Emotient FACET	360	360			7	360	1	183	163	293	293	-5.064963	0	-2.633331	0	-0.09072763	0	0.2092397	0	-1.059237	0	-2.62613	0	-1.372143	0	-1.639717	0	-2.183811	0	1.887266	0	-5.064963	0	0.2092397	0	0.4001782	0.4018483	-0.4959589	-0.3769131	-1.262456	-1.023977	-3.800497	-1.475308	-2.389699	-1.811952	-1.603549	-1.565583	-0.9296716	-1.442818	-1.080641	-1.863053	-1.098392	-1.524645	-3.42864	-0.9855296	0.7645975	5.318084	-3.244673	254.8642	241.2737	0	0	307.5035	245.0728	375.5056	247.4919	0	0	427.1902	247.3362	339.4051	326.4007	0	0						
AFDES	20160317	Medit M10surpriseface Forward-6	0	MALE	test	TestImage	Emotient FACET	400	400			8	400	1	182	162	295	295	-4.925582	0	-2.523399	0	-0.2647778	0	0.006589985	0	-0.9665977	0	-2.52444	0	-1.385855	0	-1.518168	0	-1.988949	0	1.955163	0	-4.925582	0	0.006589985	0	0.2910037	0.2651151	-0.5415925	-0.5703944	-1.241097	-1.014507	-3.640799	-1.482184	-2.430774	-1.774102	-1.608881	-1.518911	-0.8627821	-1.45438	-1.056137	-1.754643	-1.140457	-1.482688	-3.306884	-1.072976	0.8281953	4.938993	-3.243881	253.6503	241.3503	0	0	307.7553	245.2181	374.4788	246.9189	0	0	427.5411	247.0403	339.5139	326.5533	0	0						
AFDES	20160317	Medit M10surpriseface Forward-6	0	MALE	test	TestImage	Emotient FACET	440	440			9	440	1	181	162	296	296	-4.83981	0	-2.544135	0	-0.3737054	0	-0.04468556	0	-0.858786	0	-2.689651	0	-1.349663	0	-1.425763	0	-1.869112	0	2.01005	0	-4.83981	0	-0.04468556	0	0.3360998	0.2878014	-0.5375304	-0.5534236	-1.217012	-0.9693991	-3.779886	-1.587175	-2.459194	-1.70716	-1.711342	-1.562518	-0.8255045	-1.469858	-1.091138	-1.734052	-1.234503	-1.467092	-3.165149	-1.163121	0.7404237	4.992278	-3.200105	253.5934	241.2903	0	0	307.8599	245.1766	374.586	246.9646	0	0	428.227	247.8117	339.7382	327.1513	0	0						
AFDES	20160317	Medit M10surpriseface Forward-6	0	MALE	test	TestImage	Emotient FACET	480	480			10	480	1	182	162	294	294	-4.827371	0	-2.566772	0	-0.2819547	0	0.02823892	0	-0.9318265	0	-2.473022	0	-1.464346	0	-1.582031	0	-2.023881	0	1.960457	0	-4.827371	0	0.02823892	0	0.3109041	0.3087837	-0.5742459	-0.5522708	-1.253553	-0.9841506	-3.688922	-1.451149	-2.369787	-1.755053	-1.608751	-1.535256	-0.8546096	-1.394378	-1.022598	-1.770454	-1.093622	-1.451018	-3.187659	-1.069554	0.6800782	5.159622	-3.218421	254.3769	240.9193	0	0	307.994	245.12	374.5109	246.9802	0	0	427.5024	247.1209	339.5013	327.0841	0	0						
AFDES	20160317	Medit M10surpriseface Forward-6	0	MALE	test	TestImage	Emotient FACET	520	520			11	520	1	182	162	294	294	-4.741683	0	-2.534562	0	-0.411903	0	0.04669599	0	-0.9399603	0	-2.437171	0	-1.357299	0	-1.537756	0	-1.982115	0	1.956918	0	-4.741683	0	0.04669599	0	0.3250968	0.2763071	-0.5352792	-0.5814413	-1.259418	-0.9812018	-3.643388	-1.41016	-2.356705	-1.770519	-1.534071	-1.530917	-0.830358	-1.293187	-1.057835	-1.773505	-1.088959	-1.428881	-3.133315	-1.094396	1.042755	5.612283	-3.331792	254.5541	240.1546	0	0	307.4746	244.5565	374.4195	247.4593	0	0	427.3087	247.0093	338.9905	327.2653	0	0						
AFDES	20160317	Medit M10surpriseface Forward-6	0	MALE	test	TestImage	Emotient FACET	560	560			12	560	1	182	161	294	294	-4.911509	0	-2.465195	0	-0.3703944	0	-0.04610906	0	-1.015583	0	-2.345222	0	-1.462926	0	-1.531884	0	-2.013521	0	1.989255	0	-4.911509	0	-0.04610906	0	0.2218728	0.1880825	-0.5648525	-0.6502328	-1.264769	-0.9894943	-3.477738	-1.40976	-2.403762	-1.847378	-1.561197	-1.528694	-0.8491443	-1.339314	-1.017206	-1.838831	-1.085186	-1.503356	-3.291498	-0.9590327	1.000191	5.259807	-3.30529	254.4778	238.6548	0	0	308.9635	244.6103	374.9562	246.4892	0	0	427.8276	246.8593	339.9381	326.1782	0	0						
AFDES	20160317	Medit M10surpriseface Forward-6	0	MALE	test	TestImage	Emotient FACET	600	600			13	600	1	183	161	294	294	-4.949625	0	-2.41614	0	-0.3103782	0	-0.09383002	0	-1.044762	0	-2.290747	0	-1.492482	0	-1.515919	0	-2.004942	0	1.995308	0	-4.949625	0	-0.09383002	0	0.2016061	0.1786706	-0.5855792	-0.6905974	-1.264241	-0.9991425	-3.411803	-1.394074	-2.422409	-1.863178	-1.587487	-1.518547	-0.820833	-1.387314	-0.9927624	-1.825906	-1.058066	-1.505895	-3.340085	-0.9332916	0.917022	5.169771	-3.365621	255.1715	238.3091	0	0	308.237	244.5029	374.9644	246.5067	0	0	428.0823	246.048	340.1548	326.0855	0	0						
AFDES	20160317	Medit M10surpriseface Forward-6	0	MALE	test	TestImage	Emotient FACET	640	640			14	640	1	183	163	293	293	-4.858167	0	-2.52737	0	-0.1806649	0	0.166826	0	-1.007715	0	-2.384401	0	-1.339461	0	-1.542856	0	-2.059531	0	1.843406	0	-4.858167	0	0.166826	0	0.4008546	0.37668	-0.4815051	-0.4719177	-1.148184	-0.9584236	-3.564414	-1.350078	-2.311769	-1.795903	-1.543595	-1.547695	-0.9000546	-1.401279	-1.054145	-1.826726	-1.088105	-1.532096	-3.332699	-0.8617652	0.7184321	5.363889	-3.252214	255.3056	240.2131	0	0	307.9456	244.5346	375.6369	247.3118	0	0	427.3054	247.2234	340.3271	326.099	0	0						
AFDES	20160317	Medit M10surpriseface Forward-6	0	MALE	test	TestImage	Emotient FACET	680	680			15	680	1	182	161	295	295	-4.689658	0	-2.414824	0	-0.3751916	0	-0.06687839	0	-0.9339122	0	-2.326608	0	-1.371707	0	-1.448937	0	-1.894673	0	1.948044	0	-4.689658	0	-0.06687839	0	0.2691005	0.2219853	-0.5517815	-0.6294798	-1.207022	-0.9481376	-3.506678	-1.399428	-2.364231	-1.763291	-1.557192	-1.497401	-0.791343	-1.348746	-1.027714	-1.759548	-1.109686	-1.458882	-3.153899	-0.9698294	0.6523364	5.24097	-3.293215	253.9304	239.1726	0	0	308.5947	244.3328	376.0738	247.1341	0	0	427.3899	247.0783	339.9506	325.9774	0	0						
AFDES	20160317	Medit M10surpriseface Forward-6	0	MALE	test	TestImage	Emotient FACET	720	720			16	720	1	183	162	294	294	-4.846123	0	-2.451074	0	-0.322881	0	-0.03117115	0	-1.036026	0	-2.247634	0	-1.450309	0	-1.55306	0	-2.04207	0	1.9531	0	-4.846123	0	-0.03117115	0	0.2576568	0.2270564	-0.571297	-0.6004339	-1.238533	-0.9620601	-3.516953	-1.351023	-2.389382	-1.862759	-1.550939	-1.538318	-0.9052249	-1.336402	-1.059119	-1.888719	-1.067563	-1.526973	-3.354187	-0.9170631	1.040604	5.143821	-3.327264	255.1043	238.7692	0	0	308.2921	244.5249	374.1375	246.6747	0	0	427.8612	247.1813	340.3797	326.2505	0	0						
AFDES	20160317	Medit M10surpriseface Forward-6	0	MALE	test	TestImage	Emotient FACET	760	760			17	760	1	182	161	295	295	-4.816264	0	-2.429821	0	-0.3803777	0	-0.07207838	0	-1.027875	0	-2.380526	0	-1.372282	0	-1.451782	0	-1.955989	0	1.96015	0	-4.816264	0	-0.07207838	0	0.2462747	0.1939223	-0.5464358	-0.6349412	-1.246595	-0.9532995	-3.526132	-1.440762	-2.394533	-1.823081	-1.542726	-1.514252	-0.79696	-1.364875	-0.9962157	-1.787171	-1.091301	-1.455999	-3.238988	-0.9864926	0.8513694	5.129994	-3.360649	254.3674	238.7443	0	0	309.0732	244.6718	374.7958	246.6664	0	0	427.8048	246.6787	339.992	326.4874	0	0						
AFDES	20160317	Medit M10surpriseface Forward-6	0	MALE	test	TestImage	Emotient FACET	800	800			18	800	1	183	163	293	293	-4.947824	0	-2.544874	0	-0.1792393	0	0.1260712	0	-1.045411	0	-2.468726	0	-1.384093	0	-1.561269	0	-2.089207	0	1.927179	0	-4.947824	0	0.1260712	0	0.3550974	0.3422963	-0.5175059	-0.4614865	-1.239593	-0.9830561	-3.670217	-1.428774	-2.39142	-1.827524	-1.56269	-1.568524	-0.8963792	-1.413629	-1.063442	-1.840608	-1.084038	-1.507391	-3.338218	-0.9678826	0.9491351	5.121257	-3.336448	254.874	240.5696	0	0	308.4657	244.6982	374.3926	247.3549	0	0	427.9031	247.345	340.084	326.5073	0	0						
AFDES	20160317	Medit M10surpriseface Forward-6	0	MALE	test	TestImage	Emotient FACET	840	840			19	840	1	183	163	294	294	-5.025266	0	-2.514653	0	-0.2028669	0	0.01951356	0	-0.9754381	0	-2.608791	0	-1.370419	0	-1.508075	0	-2.005833	0	1.918069	0	-5.025266	0	0.01951356	0	0.3574874	0.3412128	-0.5443936	-0.4219065	-1.191719	-0.943028	-3.714829	-1.534235	-2.4429	-1.752276	-1.653472	-1.547161	-0.7841913	-1.539036	-1.092334	-1.760799	-1.211004	-1.503674	-3.36075	-1.070761	0.7767847	4.825732	-3.231627	255.0249	240.9026	0	0	307.9815	245.2293	374.9531	247.5714	0	0	428.2018	246.9706	340.3228	327.2172	0	0						
AFDES	20160317	Medit M10surpriseface Forward-6	0	MALE	test	TestImage	Emotient FACET	880	880			20	880	1	183	162	296	296	-4.923873	0	-2.468553	0	-0.23408	0	-0.08298931	0	-0.9169598	0	-2.586989	0	-1.448308	0	-1.479192	0	-1.956474	0	1.961232	0	-4.923873	0	-0.08298931	0	0.3048025	0.3141721	-0.5554315	-0.4641485	-1.15898	-0.8980055	-3.668422	-1.545687	-2.44624	-1.731021	-1.6962	-1.518784	-0.7114707	-1.571716	-1.054147	-1.713971	-1.237334	-1.474933	-3.290674	-1.163537	0.7218463	4.913883	-3.201408	254.9655	240.8617	0	0	308.7311	245.0161	374.8862	247.476	0	0	429.4285	246.8107	340.7063	327.1575	0	0						
AFDES	20160317	Medit M10surpriseface Forward-6	0	MALE	test	TestImage	Emotient FACET	920	920			21	920	1	183	162	295	295	-5.02857	0	-2.499386	0	-0.2253011	0	-0.0003653302	0	-0.9840652	0	-2.565926	0	-1.43579	0	-1.529338	0	-2.015801	0	1.928959	0	-5.02857	0	-0.0003653302	0	0.3390206	0.327646	-0.5368968	-0.4340975	-1.173993	-0.9051507	-3.678912	-1.512795	-2.453125	-1.776404	-1.65455	-1.566499	-0.7902368	-1.52714	-1.087731	-1.775452	-1.18459	-1.486749	-3.34959	-1.10926	0.7288358	4.783135	-3.20216	254.989	241.0532	0	0	308.6088	245.0655	374.9214	247.6628	0	0	428.7992	246.8657	340.0639	327.2557	0	0						
AFDES	20160317	Medit M10surpriseface Forward-6	0	MALE	test	TestImage	Emotient FACET	960	960			22	960	1	183	162	296	296	-4.973447	0	-2.460018	0	-0.1522126	0	0.04570668	0	-0.9719673	0	-2.58792	0	-1.410901	0	-1.55907	0	-2.052585	0	1.898238	0	-4.973447	0	0.04570668	0	0.3216758	0.3217942	-0.524704	-0.3262124	-1.147744	-0.8811722	-3.67468	-1.545961	-2.453419	-1.753988	-1.649193	-1.50413	-0.7604682	-1.585989	-1.083402	-1.729047	-1.227989	-1.472405	-3.432788	-1.199391	0.8241574	4.899955	-3.222302	254.4532	241.2501	0	0	308.7327	245.1684	374.9635	247.5387	0	0	428.7008	246.0269	340.3862	327.3313	0	0						
AFDES	20160317	Medit M10surpriseface Forward-6	0	MALE	test	TestImage	Emotient FACET	1000	1000			23	1000	1	183	162	294	294	-4.865202	0	-2.527191	0	0.04359277	0	0.1999591	0	-0.9909431	0	-2.536285	0	-1.485431	0	-1.623026	0	-2.128753	0	1.894571	0	-4.865202	0	0.1999591	0	0.3365279	0.3664584	-0.5311432	-0.2665737	-1.216034	-0.916226	-3.727344	-1.463918	-2.401745	-1.768024	-1.680969	-1.572253	-0.8886068	-1.457392	-1.075945	-1.844211	-1.038442	-1.422275	-3.391331	-1.076986	0.9538838	4.908728	-3.275792	255.02	240.6301	0	0	308.7332	245.0782	374.9219	247.4645	0	0	427.903	246.3607	340.2115	327.3705	0	0						
AFDES	20160317	Medit M10surpriseface Forward-6	0	MALE	test	TestImage	Emotient FACET	1040	1040			24	1040	1	181	161	297	297	-4.517269	0	-2.369328	0	-0.06424161	0	-0.01753571	0	-0.8966433	0	-2.214819	0	-1.351915	0	-1.413582	0	-1.924563	0	1.880957	0	-4.517269	0	-0.01753571	0	0.3658234	0.3672082	-0.4861541	-0.4782119	-1.035826	-0.7738238	-3.544758	-1.371312	-2.309739	-1.719141	-1.61435	-1.50847	-0.772717	-1.496035	-1.052297	-1.752661	-1.071624	-1.337743	-3.176007	-1.118419	0.9123563	5.028046	-3.10573	253.746	240.1204	0	0	308.7557	244.0636	375.8276	247.4759	0	0	427.8997	246.8027	339.7358	327.9462	0	0						
AFDES	20160317	Medit M10surpriseface Forward-6	0	MALE	test	TestImage	Emotient FACET	1080	1080			25	1080	1	180	160	295	295	-4.343053	0	-2.375179	0	0.7229125	0	0.4012051	0	-0.9195036	0	-1.910152	0	-1.434805	0	-2.094011	0	-2.445751	0	1.596719	0	-4.343053	0	0.4012051	0	0.3618534	0.4979922	-0.4875563	-0.007312036	-1.313148	-0.8762094	-3.598033	-1.056421	-2.186998	-1.698844	-1.479766	-1.296946	-1.086569	-1.215121	-0.9769163	-2.059149	-0.5266449	-0.9659035	-3.167295	-1.316968	1.378074	5.834866	-3.719937	254.6066	237.3959	0	0	306.5361	241.5982	374.2575	247.2917	0	0	426.5632	246.4731	339.4145	327.3812	0	0						
AFDES	20160317	Medit M10surpriseface Forward-6	0	MALE	test	TestImage	Emotient FACET	1120	1120			26	1120	1	183	161	293	293	-4.803637	0	-3.511632	0	2.69101	0	0.1376624	0	-2.415524	0	-2.313414	0	-2.99105	0	-4.463967	0	-4.99802	0	-1.592989	0	-4.803637	0	0.1376624	0	1.548089	2.03108	-0.6808105	1.208318	-1.898014	-1.282893	-4.695038	-0.6669692	-1.792131	-2.052392	-1.540013	-1.088993	-2.162916	-1.423841	-0.9176946	-2.134831	0.5618311	0.3235682	-3.998691	-1.455786	0.07686359	4.526839	-3.707714	255.5675	237.1893	0	0	309.6722	242.8243	376.3482	244.9506	0	0	425.3395	245.7983	340.1722	327.4397	0	0						
AFDES	20160317	Medit M10surpriseface Forward-6	0	MALE	test	TestImage	Emotient FACET	1160	1160			27	1160	1	181	159	297	297	-6.167444	0	-4.669518	0	4.251129	0	-0.7136309	0	-4.884521	0	-3.764805	0	-5.717046	0	-6.629121	0	-7.392334	0	-5.392354	0	-6.167444	0	-0.7136309	0	2.43436	2.941693	-0.9397148	1.795387	-2.408693	-1.798817	-5.50286	-1.094966	-2.034234	-2.793422	-2.216547	-2.015848	-3.81623	-1.263005	-1.144356	-2.766025	2.237625	1.989535	-4.950092	-1.412032	0.6081586	1.960399	-3.943981	255.7223	235.944	0	0	308.6443	241.1729	374.923	245.0116	0	0	427.5627	244.3077	339.6583	328.2976	0	0						
AFDES	20160317	Medit M10surpriseface Forward-6	0	MALE	test	TestImage	Emotient FACET	1200	1200			28	1200	1	180	159	297	297	-6.969394	0	-5.2521	0	4.121362	0	-0.6815388	0	-5.317956	0	-3.958114	0	-5.936191	0	-7.103644	0	-8.296848	0	-6.246207	0	-6.969394	0	-0.6815388	0	3.127333	3.655569	-0.8087212	2.000192	-2.453553	-1.992082	-5.573763	-0.9304706	-1.913154	-2.874013	-1.62669	-1.638448	-4.075747	-1.253793	-1.3474	-2.720379	1.889391	1.663707	-5.119084	-1.9165	0.5479412	1.001763	-3.48682	254.521	233.8227	0	0	309.7813	240.8402	375.9377	246.4233	0	0	426.498	245.1907	338.4889	328.1223	0	0						
AFDES	20160317	Medit M10surpriseface Forward-6	0	MALE	test	TestImage	Emotient FACET	1240	1240			29	1240	1	180	158	297	297	-7.795599	0	-5.622829	0	4.282207	0	-1.005339	0	-5.797314	0	-4.526035	0	-6.377407	0	-7.416255	0	-8.747166	0	-6.915872	0	-7.795599	0	-1.005339	0	3.61324	4.080169	-0.9308528	2.100911	-2.521507	-2.084881	-5.496036	-1.263174	-1.846576	-3.09103	-1.501074	-1.681376	-4.228872	-1.254518	-1.427328	-2.741764	2.132852	1.827022	-5.516224	-1.433347	0.8122096	0.3543654	-2.853586	255.4041	234.0285	0	0	306.3762	238.5651	374.2927	247.3051	0	0	426.5258	243.9379	340.6912	327.6867	0	0						
AFDES	20160317	Medit M10surpriseface Forward-6	0	MALE	test	TestImage	Emotient FACET	1280	1280			30	1280	1	179	157	299	299	-7.433992	0	-5.556501	0	4.210008	0	-0.8792429	0	-5.75625	0	-4.254227	0	-6.407938	0	-7.462264	0	-8.636553	0	-6.969802	0	-7.433992	0	-0.8792429	0	3.591212	4.007716	-0.838542	2.037738	-2.545599	-2.104857	-5.400156	-1.066788	-1.832671	-3.054798	-1.523605	-1.712093	-4.44331	-1.145743	-1.441005	-2.832496	2.1753	1.832632	-5.297099	-1.38303	0.9109299	0.1708425	-2.827246	255.1955	232.8094	0	0	307.4817	238.4967	373.9232	247.6882	0	0	427.6067	243.317	340.2221	327.9082	0	0						
AFDES	20160317	Medit M10surpriseface Forward-6	0	MALE	test	TestImage	Emotient FACET	1320	1320			31	1320	1	178	157	300	300	-6.890692	0	-5.562792	0	4.02774	0	-0.6017023	0	-5.44621	0	-4.042019	0	-6.082525	0	-7.442446	0	-8.541564	0	-6.654249	0	-6.890692	0	-0.6017023	0	3.520194	3.912398	-0.7205337	1.932738	-2.556368	-2.01997	-5.525949	-0.969856	-1.813168	-2.975716	-1.619901	-1.694081	-4.539649	-1.063524	-1.542223	-2.880643	1.972001	1.645756	-5.037341	-1.526829	0.7783207	0.08372147	-2.586781	254.2563	231.4031	0	0	310.5941	238.7125	373.3103	246.2022	0	0	427.9227	244.6879	340.0675	329.015	0	0						
AFDES	20160317	Medit M10surpriseface Forward-6	0	MALE	test	TestImage	Emotient FACET	1360	1360			32	1360	1	179	158	298	298	-7.161022	0	-5.916529	0	4.09097	0	-0.5797825	0	-5.792958	0	-4.430423	0	-6.397538	0	-7.902477	0	-8.976048	0	-7.16612	0	-7.161022	0	-0.5797825	0	3.753976	4.096619	-0.7451816	2.135549	-2.744977	-2.083963	-5.869646	-1.098329	-1.921613	-3.152607	-1.69398	-1.779983	-4.992275	-1.044912	-1.681968	-3.100168	2.086561	1.738201	-5.230731	-1.53242	0.6411581	-0.05615974	-2.51247	254.5003	233.1668	0	0	310.5706	238.7295	373.6046	247.947	0	0	427.7526	244.6188	339.2166	328.7903	0	0						
AFDES	20160317	Medit M10surpriseface Forward-6	0	MALE	test	TestImage	Emotient FACET	1400	1400			33	1400	1	180	158	296	296	-8.034323	0	-6.2242	0	4.245477	0	-0.8228512	0	-6.207194	0	-4.954247	0	-6.776238	0	-8.180964	0	-9.430373	0	-7.523933	0	-8.034323	0	-0.8228512	0	3.892582	4.193111	-0.9113676	2.406813	-2.815885	-2.173981	-6.037004	-1.283007	-2.009379	-3.311499	-1.518959	-1.713608	-4.937254	-1.12798	-1.647099	-3.084117	2.099345	1.779509	-5.572423	-1.653014	0.4759625	-0.2421913	-2.507411	256.3755	232.712	0	0	309.3882	238.4543	374.093	247.4948	0	0	427.2975	243.0612	339.9674	328.0387	0	0						
AFDES	20160317	Medit M10surpriseface Forward-6	0	MALE	test	TestImage	Emotient FACET	1440	1440			34	1440	1	179	157	299	299	-7.263227	0	-5.954708	0	4.009597	0	-0.5628546	0	-5.777389	0	-4.458705	0	-6.215645	0	-7.836113	0	-8.919984	0	-7.076654	0	-7.263227	0	-0.5628546	0	3.776846	4.041199	-0.7060948	2.134661	-2.732888	-2.039913	-5.832195	-1.114786	-1.961841	-3.175713	-1.612857	-1.716064	-4.933167	-1.047984	-1.669687	-3.075898	2.02965	1.693282	-5.211402	-1.561251	0.7540059	0.1450842	-2.469246	255.1476	232.6608	0	0	310.7481	238.1052	374.6426	247.9795	0	0	427.4778	243.8356	339.1774	329.0748	0	0						
AFDES	20160317	Medit M10surpriseface Forward-6	0	MALE	test	TestImage	Emotient FACET	1480	1480			35	1480	1	179	158	299	299	-7.76923	0	-6.021877	0	4.144476	0	-0.6421465	0	-6.248901	0	-4.83499	0	-6.60141	0	-8.010936	0	-9.117514	0	-7.508744	0	-7.76923	0	-0.6421465	0	3.857322	4.11901	-0.7463812	2.283335	-2.784246	-2.128982	-5.982288	-1.199392	-2.113936	-3.348421	-1.665792	-1.824716	-4.963523	-1.18226	-1.633807	-3.102883	2.276129	1.928405	-5.370169	-1.468637	0.9413301	0.09638642	-2.419024	255.6129	233.9023	0	0	308.3663	238.6573	375.4957	246.4464	0	0	427.6572	244.0524	340.5243	328.8856	0	0						
AFDES	20160317	Medit M10surpriseface Forward-6	0	MALE	test	TestImage	Emotient FACET	1520	1520			36	1520	1	179	157	299	299	-7.646967	0	-5.807222	0	4.091573	0	-0.6438642	0	-6.105855	0	-4.658464	0	-6.436326	0	-7.795657	0	-8.895037	0	-7.29693	0	-7.646967	0	-0.6438642	0	3.748852	4.023353	-0.7694873	2.183517	-2.72977	-2.084806	-5.778886	-1.183224	-2.065032	-3.310999	-1.632885	-1.791559	-4.755685	-1.162125	-1.562469	-3.005991	2.257374	1.897465	-5.349756	-1.331438	1.031223	0.00807101	-2.375726	255.6284	233.7743	0	0	308.8833	238.227	375.4458	245.7625	0	0	427.8349	243.6666	340.542	328.7967	0	0						
AFDES	20160317	Medit M10surpriseface Forward-6	0	MALE	test	TestImage	Emotient FACET	1560	1560			37	1560	1	179	157	299	299	-7.660657	0	-5.941843	0	4.08454	0	-0.5754163	0	-6.087068	0	-4.763279	0	-6.457729	0	-7.887527	0	-8.978002	0	-7.338702	0	-7.660657	0	-0.5754163	0	3.819589	4.085195	-0.6947258	2.227023	-2.748197	-2.106731	-5.860571	-1.181097	-2.052113	-3.279771	-1.620524	-1.79341	-4.840708	-1.160687	-1.584765	-3.016406	2.213669	1.875214	-5.277388	-1.427284	1.052076	0.02056681	-2.535585	255.802	233.6429	0	0	308.3504	238.8448	375.4927	246.2548	0	0	427.6476	244.0371	340.5752	329.1145	0	0						
AFDES	20160317	Medit M10surpriseface Forward-6	0	MALE	test	TestImage	Emotient FACET	1600	1600			38	1600	1	179	157	300	300	-7.259643	0	-5.7892	0	4.013974	0	-0.4764076	0	-5.811705	0	-4.504621	0	-6.282877	0	-7.742878	0	-8.795411	0	-7.136566	0	-7.259643	0	-0.4764076	0	3.763255	4.059512	-0.6375505	2.124874	-2.743672	-2.049539	-5.788798	-1.142105	-2.001552	-3.225884	-1.693954	-1.832458	-4.845101	-1.125057	-1.656845	-3.051621	2.173573	1.804877	-5.144094	-1.391234	1.028374	-0.003920286	-2.605241	255.4576	232.8743	0	0	308.9027	238.1712	375.4344	247.3161	0	0	427.7305	244.1583	340.3043	329.2589	0	0						
AFDES	20160317	Medit M10surpriseface Forward-6	0	MALE	test	TestImage	Emotient FACET	1640	1640			39	1640	1	180	158	298	298	-7.740388	0	-5.975961	0	4.073918	0	-0.3958227	0	-6.168509	0	-4.918821	0	-6.52976	0	-7.869781	0	-8.914471	0	-7.323348	0	-7.740388	0	-0.3958227	0	3.83235	4.08294	-0.6712942	2.288735	-2.812348	-2.124303	-6.037086	-1.235202	-2.130541	-3.351893	-1.75366	-1.901943	-4.907323	-1.181349	-1.616923	-3.07562	2.290043	1.917657	-5.162792	-1.442841	1.218156	-0.3673529	-2.788939	255.6923	233.8448	0	0	308.7657	239.804	375.8609	246.7574	0	0	428.0329	243.8419	341.5997	328.1877	0	0						
AFDES	20160317	Medit M10surpriseface Forward-6	0	MALE	test	TestImage	Emotient FACET	1680	1680			40	1680	1	179	157	300	300	-7.411154	0	-5.89432	0	3.909171	0	-0.2923137	0	-5.856838	0	-4.621038	0	-6.234439	0	-7.717602	0	-8.790844	0	-7.13065	0	-7.411154	0	-0.2923137	0	3.834126	4.084863	-0.5977166	2.14434	-2.733642	-2.065278	-5.805947	-1.157441	-1.998331	-3.225783	-1.629109	-1.807285	-4.752885	-1.102609	-1.653632	-2.989399	2.152325	1.789678	-5.106156	-1.341103	1.098027	-0.3042025	-2.676597	255.3106	232.8335	0	0	308.6814	238.3707	375.7492	246.7246	0	0	427.9383	243.9721	340.8219	328.3634	0	0						
AFDES	20160317	Medit M10surpriseface Forward-6	0	MALE	test	TestImage	Emotient FACET	1720	1720			41	1720	1	181	158	297	297	-7.970386	0	-6.019372	0	3.93971	0	-0.4239816	0	-6.197916	0	-4.742785	0	-6.478303	0	-7.969993	0	-9.119164	0	-7.344864	0	-7.970386	0	-0.4239816	0	3.875321	4.133905	-0.7264863	2.335656	-2.861228	-2.108086	-5.902156	-1.154546	-2.138457	-3.411182	-1.47309	-1.700301	-5.017893	-1.101816	-1.670322	-3.125435	2.097543	1.743691	-5.376435	-1.529983	1.064187	-0.08774544	-2.680242	255.5443	233.7403	0	0	310.5486	238.143	375.6796	247.0796	0	0	427.8831	243.9924	340.2612	326.9617	0	0						
AFDES	20160317	Medit M10surpriseface Forward-6	0	MALE	test	TestImage	Emotient FACET	1760	1760			42	1760	1	180	157	299	299	-7.583444	0	-5.959427	0	3.860776	0	-0.2722613	0	-6.037541	0	-4.684141	0	-6.361042	0	-7.851768	0	-8.973458	0	-7.365005	0	-7.583444	0	-0.2722613	0	3.863851	4.100996	-0.6315967	2.217951	-2.764985	-2.06635	-5.812837	-1.140373	-1.98235	-3.285534	-1.513832	-1.775307	-4.877311	-1.042077	-1.601413	-3.005742	2.165489	1.830052	-5.18225	-1.374152	1.232324	-0.4328989	-2.492247	255.6772	232.5184	0	0	309.1103	237.3323	376.0798	246.6586	0	0	428.2145	243.3457	341.1217	327.0311	0	0						
AFDES	20160317	Medit M10surpriseface Forward-6	0	MALE	test	TestImage	Emotient FACET	1800	1800			43	1800	1	181	157	297	297	-7.966377	0	-6.152251	0	4.066068	0	-0.552479	0	-6.35774	0	-4.961081	0	-6.641824	0	-8.110379	0	-9.214136	0	-7.620987	0	-7.966377	0	-0.552479	0	3.904569	4.107805	-0.7369069	2.378483	-2.891838	-2.135301	-6.036983	-1.217524	-2.156548	-3.423873	-1.574405	-1.807342	-5.103991	-1.103141	-1.661281	-3.160859	2.270382	1.92709	-5.405021	-1.518226	1.493699	0.127695	-2.767519	255.9201	231.6884	0	0	311.8249	240.1715	376.1294	245.3551	0	0	428.4166	243.7025	341.6072	326.7221	0	0						
AFDES	20160317	Medit M10surpriseface Forward-6	0	MALE	test	TestImage	Emotient FACET	1840	1840			44	1840	1	182	157	296	296	-8.192628	0	-6.160016	0	4.013901	0	-0.5352645	0	-6.323255	0	-5.00346	0	-6.601724	0	-8.006855	0	-9.254354	0	-7.462817	0	-8.192628	0	-0.5352645	0	3.936531	4.161073	-0.7939441	2.39122	-2.878103	-2.123145	-5.982517	-1.250003	-2.122975	-3.443092	-1.477764	-1.709339	-4.960421	-1.082918	-1.668463	-3.101705	2.154917	1.819458	-5.498262	-1.574308	1.523645	-0.147228	-2.670653	256.788	232.6197	0	0	311.3293	238.2708	376.3008	244.457	0	0	428.7999	243.7797	341.6038	325.8867	0	0						
AFDES	20160317	Medit M10surpriseface Forward-6	0	MALE	test	TestImage	Emotient FACET	1880	1880			45	1880	1	183	157	296	296	-8.283411	0	-6.128785	0	3.9315	0	-0.5721397	0	-6.196741	0	-5.072999	0	-6.391483	0	-7.786781	0	-9.128933	0	-7.215754	0	-8.283411	0	-0.5721397	0	3.89231	4.13299	-0.8536093	2.302628	-2.789734	-2.102669	-5.928628	-1.353571	-2.044971	-3.37133	-1.387721	-1.598175	-4.676056	-1.102554	-1.564421	-2.938984	2.00013	1.704063	-5.511216	-1.515659	1.696859	-0.1437482	-2.850749	256.7865	232.7644	0	0	312.0198	237.8898	377.444	243.7295	0	0	428.9978	243.2856	341.7734	324.9258	0	0						
AFDES	20160317	Medit M10surpriseface Forward-6	0	MALE	test	TestImage	Emotient FACET	1920	1920			46	1920	1	183	157	296	296	-8.12885	0	-6.06955	0	3.798619	0	-0.3876094	0	-6.002166	0	-4.846909	0	-6.304138	0	-7.789805	0	-9.129469	0	-7.051613	0	-8.12885	0	-0.3876094	0	3.932564	4.182729	-0.811799	2.297709	-2.751765	-2.057883	-5.823645	-1.258253	-1.949752	-3.316916	-1.302645	-1.502966	-4.684965	-1.066118	-1.630325	-2.922864	1.865785	1.557219	-5.449296	-1.56946	1.812535	-0.1415816	-2.832608	257.0915	232.3376	0	0	311.7607	236.8491	377.04	245.0407	0	0	428.7602	243.348	341.9745	325.1801	0	0						
AFDES	20160317	Medit M10surpriseface Forward-6	0	MALE	test	TestImage	Emotient FACET	1960	1960			47	1960	1	183	157	295	295	-8.510332	0	-6.250501	0	3.897578	0	-0.4852307	0	-6.283252	0	-5.097759	0	-6.539571	0	-8.063687	0	-9.384791	0	-7.343821	0	-8.510332	0	-0.4852307	0	4.027591	4.252716	-0.8682381	2.485916	-2.879363	-2.109953	-5.977033	-1.261748	-2.070481	-3.437735	-1.284325	-1.533431	-4.877218	-1.026122	-1.673284	-3.019661	2.012146	1.672172	-5.569723	-1.698389	1.545197	-0.116721	-2.767967	257.705	233.4467	0	0	311.7057	236.8462	377.0851	245.8206	0	0	428.9016	243.5071	342.1349	325.1885	0	0						
AFDES	20160317	Medit M10surpriseface Forward-6	0	MALE	test	TestImage	Emotient FACET	2000	2000			48	2000	1	183	157	296	296	-8.190343	0	-6.166846	0	3.798805	0	-0.3869381	0	-6.107351	0	-4.94766	0	-6.316608	0	-7.925657	0	-9.276707	0	-7.208284	0	-8.190343	0	-0.3869381	0	3.963626	4.189671	-0.8047568	2.355367	-2.814204	-2.087735	-5.910613	-1.24941	-1.975169	-3.362999	-1.225022	-1.502369	-4.742786	-0.9883373	-1.630494	-2.916578	1.953804	1.656894	-5.467965	-1.617653	1.857933	-0.2736111	-2.710225	257.2838	232.3454	0	0	312.4727	236.9457	377.114	244.6401	0	0	428.7411	243.4665	342.2119	325.6746	0	0						
AFDES	20160317	Medit M10surpriseface Forward-6	0	MALE	test	TestImage	Emotient FACET	2040	2040			49	2040	1	183	157	295	295	-8.2238	0	-6.120961	0	3.8426	0	-0.4085685	0	-6.03574	0	-4.953465	0	-6.309254	0	-7.837659	0	-9.174163	0	-7.085395	0	-8.2238	0	-0.4085685	0	3.967011	4.196902	-0.8044783	2.364355	-2.827992	-2.098069	-5.902395	-1.258032	-2.00249	-3.338191	-1.306329	-1.508255	-4.720504	-1.027635	-1.664772	-2.952741	1.917424	1.595685	-5.456126	-1.600111	1.840026	-0.381184	-2.737234	257.4494	232.0565	0	0	312.1495	236.9608	377.2906	245.0125	0	0	428.3185	243.5358	342.3854	325.797	0	0						
AFDES	20160317	Medit M10surpriseface Forward-6	0	MALE	test	TestImage	Emotient FACET	2080	2080			50	2080	1	182	157	297	297	-8.114949	0	-6.315386	0	4.076523	0	-0.480075	0	-6.341603	0	-5.137071	0	-6.606685	0	-8.072499	0	-9.17704	0	-7.453671	0	-8.114949	0	-0.480075	0	4.050034	4.235363	-0.6969575	2.381902	-2.916554	-2.207016	-6.147463	-1.262473	-2.185171	-3.415482	-1.610772	-1.826151	-5.014078	-1.146798	-1.711125	-3.117349	2.310072	1.918689	-5.345648	-1.4684	1.858434	-0.1552756	-2.869254	257.268	232.7318	0	0	310.1577	239.8435	377.0937	245.2386	0	0	429.2208	243.635	342.5235	326.1227	0	0						
AFDES	20160317	Medit M10surpriseface Forward-6	0	MALE	test	TestImage	Emotient FACET	2120	2120			51	2120	1	183	157	296	296	-8.487932	0	-6.368325	0	4.10167	0	-0.5927978	0	-6.518514	0	-5.328969	0	-6.756592	0	-8.176932	0	-9.354599	0	-7.642926	0	-8.487932	0	-0.5927978	0	4.094183	4.289042	-0.7727725	2.462242	-2.926929	-2.228781	-6.171435	-1.329343	-2.189479	-3.506291	-1.521384	-1.764387	-5.012876	-1.16036	-1.672428	-3.06576	2.284986	1.917349	-5.53799	-1.550382	1.804231	-0.09874575	-2.890004	257.4491	232.7619	0	0	310.3811	239.7784	377.3748	244.3958	0	0	429.0128	243.0801	342.2434	325.6125	0	0						
AFDES	20160317	Medit M10surpriseface Forward-6	0	MALE	test	TestImage	Emotient FACET	2160	2160			52	2160	1	183	157	295	295	-8.249556	0	-6.270667	0	3.952883	0	-0.4594807	0	-6.342237	0	-5.071794	0	-6.576075	0	-8.105184	0	-9.304567	0	-7.447321	0	-8.249556	0	-0.4594807	0	4.006541	4.202183	-0.7711619	2.45356	-2.919387	-2.167194	-6.08815	-1.236178	-2.14568	-3.429743	-1.437316	-1.643833	-5.023113	-1.080492	-1.686826	-3.093462	2.112402	1.762971	-5.454597	-1.646562	1.443109	-0.05446821	-2.726483	257.4368	232.0266	0	0	311.1823	238.9748	376.6207	245.5941	0	0	428.0519	242.7777	342.2904	326.3701	0	0						
AFDES	20160317	Medit M10surpriseface Forward-6	0	MALE	test	TestImage	Emotient FACET	2200	2200			53	2200	1	181	156	297	297	-7.698882	0	-5.723129	0	3.65424	0	-0.2745221	0	-5.669338	0	-4.415399	0	-5.818895	0	-7.290351	0	-8.613123	0	-6.597915	0	-7.698882	0	-0.2745221	0	3.816982	4.066	-0.6807293	2.01817	-2.636242	-2.033797	-5.50521	-1.165711	-1.819124	-3.156998	-1.239611	-1.450754	-4.40798	-1.046008	-1.480992	-2.726952	1.818328	1.496884	-5.229524	-1.367493	1.712231	-0.01121092	-2.650427	256.2671	231.2092	0	0	309.3063	236.9126	376.6924	243.8568	0	0	428.4135	242.564	341.4886	324.1244	0	0						
AFDES	20160317	Medit M10surpriseface Forward-6	0	MALE	test	TestImage	Emotient FACET	2240	2240			54	2240	1	182	157	296	296	-8.023481	0	-6.179152	0	3.967345	0	-0.4604017	0	-6.328846	0	-4.961853	0	-6.501508	0	-8.043632	0	-9.262939	0	-7.592893	0	-8.023481	0	-0.4604017	0	3.957667	4.13413	-0.6931621	2.398277	-2.860748	-2.112474	-6.001771	-1.192076	-2.109152	-3.400466	-1.469215	-1.708119	-5.03332	-1.042681	-1.669631	-3.09938	2.199633	1.876512	-5.405457	-1.555465	1.37921	-0.2913678	-2.72964	255.8695	230.8784	0	0	311.3795	239.6775	375.6445	245.7272	0	0	427.2676	242.7057	341.8159	326.6117	0	0						
AFDES	20160317	Medit M10surpriseface Forward-6	0	MALE	test	TestImage	Emotient FACET	2280	2280			55	2280	1	182	158	296	296	-8.159422	0	-6.306492	0	4.075542	0	-0.5093042	0	-6.488286	0	-5.213715	0	-6.616702	0	-8.183514	0	-9.311028	0	-7.665745	0	-8.159422	0	-0.5093042	0	3.995465	4.132288	-0.699465	2.40263	-2.937081	-2.193463	-6.242039	-1.266581	-2.220341	-3.48367	-1.619644	-1.838831	-5.119999	-1.09853	-1.673145	-3.169649	2.375819	2.01474	-5.434395	-1.575229	1.309821	0.1121351	-2.672826	255.9696	232.2551	0	0	310.0208	240.2551	376.0214	245.726	0	0	426.9633	243.0125	341.7039	326.9982	0	0						
AFDES	20160317	Medit M10surpriseface Forward-6	0	MALE	test	TestImage	Emotient FACET	2320	2320			56	2320	1	179	156	298	298	-7.583566	0	-5.834453	0	3.804738	0	-0.3096794	0	-5.809723	0	-4.529451	0	-6.038007	0	-7.504216	0	-8.682254	0	-6.962044	0	-7.583566	0	-0.3096794	0	3.816314	4.026516	-0.6310428	2.045347	-2.732224	-2.100475	-5.63623	-1.110777	-1.936653	-3.206946	-1.395018	-1.651341	-4.685288	-1.042637	-1.584868	-2.856688	2.069694	1.734856	-5.096584	-1.275027	1.067952	-0.2956781	-2.578466	255.0555	230.6355	0	0	308.2827	237.6895	373.9578	245.5502	0	0	426.5457	242.7257	341.2331	326.809	0	0						
AFDES	20160317	Medit M10surpriseface Forward-6	0	MALE	test	TestImage	Emotient FACET	2360	2360			57	2360	1	179	157	298	298	-7.797355	0	-6.078693	0	3.854496	0	-0.4019507	0	-6.126712	0	-4.847118	0	-6.179101	0	-7.814604	0	-8.999525	0	-7.429243	0	-7.797355	0	-0.4019507	0	3.937868	4.049612	-0.6137794	2.221186	-2.798253	-2.059121	-5.884495	-1.199833	-2.094525	-3.327545	-1.457653	-1.744652	-4.879834	-1.040837	-1.686103	-2.98399	2.194309	1.864296	-5.203281	-1.411171	1.164871	-0.2675749	-2.552809	254.7325	232.0606	0	0	309.03	237.5421	375.3491	246.0456	0	0	426.6254	243.3677	340.4253	326.9037	0	0						
AFDES	20160317	Medit M10surpriseface Forward-6	0	MALE	test	TestImage	Emotient FACET	2400	2400			58	2400	1	179	157	297	297	-7.877711	0	-6.079904	0	3.817268	0	-0.3776423	0	-5.956274	0	-4.743787	0	-6.021258	0	-7.726495	0	-8.960359	0	-7.18676	0	-7.877711	0	-0.3776423	0	3.955556	4.070226	-0.6377565	2.174027	-2.808265	-2.067322	-5.828771	-1.205841	-2.0538	-3.301604	-1.316133	-1.605528	-4.831055	-1.002936	-1.705602	-2.934635	2.022484	1.709434	-5.242933	-1.505049	0.8742067	-0.3098098	-2.470959	254.3135	231.3845	0	0	309.217	237.2614	373.8462	246.2041	0	0	425.7425	243.4732	339.6748	326.9078	0	0						
AFDES	20160317	Medit M10surpriseface Forward-6	0	MALE	test	TestImage	Emotient FACET	2440	2440			59	2440	1	179	156	298	298	-7.987213	0	-6.028933	0	3.870571	0	-0.4409131	0	-6.22213	0	-4.874366	0	-6.09482	0	-7.713437	0	-8.988472	0	-7.38185	0	-7.987213	0	-0.4409131	0	3.889433	3.97603	-0.6465972	2.178265	-2.803224	-2.061432	-5.814595	-1.246443	-2.153696	-3.392788	-1.417885	-1.721164	-4.796246	-0.995024	-1.626267	-2.96872	2.240581	1.904113	-5.284431	-1.4146	0.9211827	-0.4245879	-2.53863	253.7354	231.3377	0	0	308.3471	238.0475	374.819	244.9109	0	0	425.4439	243.6264	340.6403	326.5469	0	0						
AFDES	20160317	Medit M10surpriseface Forward-6	0	MALE	test	TestImage	Emotient FACET	2480	2480			60	2480	1	180	158	296	296	-8.508129	0	-6.326245	0	3.795356	0	-0.3711759	0	-6.41329	0	-5.22739	0	-6.319602	0	-7.923311	0	-9.315885	0	-7.529873	0	-8.508129	0	-0.3711759	0	4.111475	4.196584	-0.7179807	2.445927	-2.86622	-2.131216	-6.046075	-1.300692	-2.154798	-3.475314	-1.342546	-1.636593	-4.835826	-1.039454	-1.735713	-2.974579	2.183278	1.856532	-5.452481	-1.558933	0.9087183	-0.5691061	-2.641723	253.9152	232.9242	0	0	306.7921	238.3569	373.8212	246.3168	0	0	424.1606	243.001	340.304	326.6091	0	0						
AFDES	20160317	Medit M10surpriseface Forward-6	0	MALE	test	TestImage	Emotient FACET	2520	2520			61	2520	1	180	157	297	297	-8.19514	0	-6.043076	0	3.805201	0	-0.463634	0	-6.21715	0	-5.048075	0	-5.968101	0	-7.606766	0	-9.008298	0	-7.164503	0	-8.19514	0	-0.463634	0	3.828456	3.922636	-0.7309244	2.205871	-2.807023	-2.059562	-5.904596	-1.329664	-2.156675	-3.413171	-1.362371	-1.627756	-4.572383	-1.026649	-1.573822	-2.906921	2.108883	1.791526	-5.412818	-1.428679	0.9215786	-0.7310277	-2.51297	254.2226	233.1929	0	0	307.848	237.5003	374.5462	244.5821	0	0	425.2137	243.6897	340.0335	326.6219	0	0						
AFDES	20160317	Medit M10surpriseface Forward-6	0	MALE	test	TestImage	Emotient FACET	2560	2560			62	2560	1	179	158	296	296	-8.435736	0	-6.317838	0	3.845715	0	-0.4249653	0	-6.411546	0	-5.279741	0	-6.271645	0	-7.859091	0	-9.243379	0	-7.529966	0	-8.435736	0	-0.4249653	0	4.04212	4.105963	-0.7008234	2.380639	-2.870387	-2.118636	-6.06377	-1.367114	-2.178061	-3.490156	-1.403192	-1.689224	-4.838029	-1.040005	-1.699664	-2.980038	2.208747	1.904871	-5.456231	-1.45387	1.051136	-0.7274607	-2.532447	253.4206	232.9565	0	0	306.8339	239.0304	372.8609	246.6107	0	0	424.3749	243.3592	340.103	327.0782	0	0						
AFDES	20160317	Medit M10surpriseface Forward-6	0	MALE	test	TestImage	Emotient FACET	2600	2600			63	2600	1	177	157	297	297	-8.118281	0	-6.075332	0	3.568206	0	-0.189185	0	-6.055291	0	-4.860829	0	-5.931968	0	-7.586883	0	-8.964595	0	-7.229507	0	-8.118281	0	-0.189185	0	4.033068	4.114942	-0.5990096	2.216779	-2.71033	-2.059162	-5.710831	-1.20973	-2.011257	-3.320626	-1.207647	-1.539293	-4.626004	-1.015469	-1.651451	-2.795089	2.016346	1.696992	-5.260926	-1.355022	1.033076	-0.7325253	-2.508526	253.2357	232.2814	0	0	304.8637	237.9942	372.5206	246.0948	0	0	424.1267	243.2781	339.4012	327.2825	0	0						
AFDES	20160317	Medit M10surpriseface Forward-6	0	MALE	test	TestImage	Emotient FACET	2640	2640			64	2640	1	177	157	298	298	-8.066705	0	-6.153333	0	3.635834	0	-0.2340477	0	-6.059275	0	-4.871857	0	-6.020238	0	-7.713761	0	-9.056799	0	-7.287427	0	-8.066705	0	-0.2340477	0	4.057796	4.148074	-0.6130815	2.238777	-2.748022	-2.061771	-5.796666	-1.211504	-2.044389	-3.336179	-1.257711	-1.55139	-4.747699	-1.003038	-1.697377	-2.866591	2.03102	1.718169	-5.302126	-1.429992	0.9125776	-0.8397825	-2.482229	253.0889	231.2576	0	0	305.3774	239.2245	372.4356	246.4576	0	0	424.1028	243.1247	338.9336	327.6292	0	0						
AFDES	20160317	Medit M10surpriseface Forward-6	0	MALE	test	TestImage	Emotient FACET	2680	2680			65	2680	1	178	157	297	297	-8.191846	0	-6.110574	0	3.498156	0	-0.2027514	0	-5.920229	0	-4.875889	0	-5.805102	0	-7.589667	0	-9.050195	0	-7.016857	0	-8.191846	0	-0.2027514	0	4.070952	4.187609	-0.677585	2.290496	-2.682086	-2.010131	-5.773623	-1.241959	-1.96187	-3.289191	-1.076822	-1.363916	-4.528592	-1.015871	-1.667102	-2.737019	1.769193	1.486536	-5.364684	-1.502623	0.8898127	-0.6368211	-2.4183	253.1297	231.2331	0	0	305.6964	239.0072	372.4781	246.0998	0	0	423.7979	242.8651	338.7733	326.9203	0	0						
AFDES	20160317	Medit M10surpriseface Forward-6	0	MALE	test	TestImage	Emotient FACET	2720	2720			66	2720	1	178	157	296	296	-8.059028	0	-6.075194	0	3.471998	0	-0.2586085	0	-5.444558	0	-4.606051	0	-5.289084	0	-7.405775	0	-8.854931	0	-6.378938	0	-8.059028	0	-0.2586085	0	4.019042	4.1327	-0.6590019	2.224075	-2.539919	-1.894965	-5.721273	-1.232161	-1.951937	-3.153711	-0.9282188	-1.150041	-4.279083	-1.053004	-1.759961	-2.649072	1.366651	1.082815	-5.391501	-1.71673	1.095942	-0.681775	-2.43778	254.1342	231.058	0	0	304.6005	237.4719	372.4945	247.4332	0	0	424.4524	244.4836	339.7477	326.1139	0	0						
AFDES	20160317	Medit M10surpriseface Forward-6	0	MALE	test	TestImage	Emotient FACET	2760	2760			67	2760	1	179	158	295	295	-8.646128	0	-6.300094	0	3.521379	0	-0.2594123	0	-6.165786	0	-5.173571	0	-6.008282	0	-7.874216	0	-9.450643	0	-7.219984	0	-8.646128	0	-0.2594123	0	4.123655	4.261626	-0.7892026	2.573943	-2.765476	-1.944863	-6.012959	-1.345798	-2.043581	-3.401529	-1.01085	-1.304356	-4.600214	-0.9605674	-1.76322	-2.826406	1.69231	1.444571	-5.583251	-1.741128	0.6410363	-0.5763105	-2.424032	254.0447	232.0499	0	0	307.0203	238.0923	372.2264	246.1751	0	0	423.1989	243.1315	338.8599	327.4207	0	0						
AFDES	20160317	Medit M10surpriseface Forward-6	0	MALE	test	TestImage	Emotient FACET	2800	2800			68	2800	1	180	157	297	297	-8.272166	0	-6.031713	0	3.887821	0	-0.5417022	0	-6.287725	0	-5.248536	0	-6.090351	0	-7.572508	0	-8.926142	0	-7.245335	0	-8.272166	0	-0.5417022	0	3.820982	3.895368	-0.7586533	2.294281	-2.804544	-1.972516	-5.993276	-1.493928	-2.198658	-3.423186	-1.466664	-1.675819	-4.552915	-1.080175	-1.537523	-2.865133	2.097973	1.849657	-5.360171	-1.379971	0.6189271	-0.4895552	-2.434851	254.3311	233.8238	0	0	306.5636	239.1155	374.5462	244.4338	0	0	425.5421	243.3937	339.5557	326.4187	0	0						
AFDES	20160317	Medit M10surpriseface Forward-6	0	MALE	test	TestImage	Emotient FACET	2840	2840			69	2840	1	179	157	297	297	-8.304124	0	-6.077152	0	3.945029	0	-0.5240498	0	-6.523273	0	-5.268395	0	-6.399853	0	-7.888359	0	-9.152905	0	-7.625136	0	-8.304124	0	-0.5240498	0	3.889844	3.975225	-0.7526085	2.374964	-2.865036	-2.008203	-6.059117	-1.419421	-2.28255	-3.504456	-1.561752	-1.784916	-4.844331	-1.05017	-1.592744	-3.031469	2.280241	1.9888	-5.414687	-1.50064	0.6342713	-0.4150644	-2.461184	253.831	233.1685	0	0	306.4398	238.8403	375.5023	245.3351	0	0	425.0015	243.4574	339.2718	326.6941	0	0						
AFDES	20160317	Medit M10surpriseface Forward-6	0	MALE	test	TestImage	Emotient FACET	2880	2880			70	2880	1	179	158	295	295	-8.576511	0	-6.273749	0	3.657764	0	-0.2870682	0	-6.276662	0	-5.243332	0	-6.132405	0	-7.813075	0	-9.253984	0	-7.206199	0	-8.576511	0	-0.2870682	0	4.033163	4.151823	-0.7381614	2.455832	-2.842879	-2.073764	-6.060694	-1.347213	-2.133552	-3.472424	-1.250367	-1.478034	-4.793015	-1.001628	-1.699495	-2.944691	1.910338	1.617287	-5.502929	-1.541704	0.4603381	-0.5246398	-2.43897	253.7077	233.6011	0	0	306.6361	239.0161	372.4579	245.7478	0	0	423.1955	243.3156	338.4674	327.5945	0	0						
AFDES	20160317	Medit M10surpriseface Forward-6	0	MALE	test	TestImage	Emotient FACET	2920	2920			71	2920	1	184	163	288	288	-6.479105	0	-5.970138	0	3.110442	0	-1.120096	0	-4.377942	0	-3.793802	0	-3.067183	0	-5.96368	0	-7.157151	0	-3.969094	0	-6.479105	0	-1.120096	0	3.606119	3.427847	-0.6471198	0.2877103	-2.267832	-1.895494	-5.847089	-1.23323	-1.598813	-2.694915	-0.9537818	-1.020248	-3.605765	-0.7855334	-1.253129	-2.437417	1.26484	0.7903479	-4.813303	-0.05618521	-0.2864112	0.6682648	-1.881099	255.8994	237.9763	0	0	307.6202	245.0157	371.699	244.9714	0	0	424.4056	244.8271	338.7337	325.5716	0	0						
AFDES	20160317	Medit M10surpriseface Forward-6	0	MALE	test	TestImage	Emotient FACET	2960	2960			72	2960	1	189	167	283	283	-6.84174	0	-5.227432	0	2.528042	0	-1.703591	0	-4.984675	0	-3.32835	0	-2.511899	0	-5.243016	0	-6.602154	0	-4.646558	0	-6.84174	0	-1.703591	0	3.281535	3.044111	-0.6152395	-1.085584	-2.267792	-1.963179	-4.989243	-0.9894456	-1.580935	-2.75458	-0.7287745	-0.8566921	-3.23806	-0.7114308	-0.8648508	-2.293282	1.601991	1.229523	-4.900583	1.183539	-1.12328	-0.5590225	-1.932993	257.7254	247.5264	0	0	311.3176	242.6456	369.729	245.5202	0	0	425.77	248.7783	338.0065	326.1464	0	0						
AFDES	20160317	Medit M10surpriseface Forward-6	0	MALE	test	TestImage	Emotient FACET	3000	3000			73	3000	1	186	165	287	287	-6.683943	0	-5.694946	0	3.003575	0	-1.47855	0	-4.994319	0	-3.724993	0	-3.133857	0	-5.925055	0	-6.94631	0	-4.795574	0	-6.683943	0	-1.47855	0	3.739478	3.544002	-0.6058757	-0.7650935	-2.429713	-2.092415	-5.504935	-1.097272	-1.627871	-2.692483	-1.267127	-1.183501	-3.785287	-0.8096722	-1.119972	-2.440979	1.82263	1.258519	-4.674193	0.9276405	-1.136535	-0.3703739	-2.040359	256.4314	244.4199	0	0	312.28	242.6615	371.2291	246.2401	0	0	426.404	248.5172	338.1055	326.7556	0	0						
AFDES	20160317	Medit M10surpriseface Forward-6	0	MALE	test	TestImage	Emotient FACET	3040	3040			74	3040	1	183	163	292	292	-5.729066	0	-5.76536	0	3.211768	0	-1.224897	0	-5.08271	0	-3.839382	0	-3.850301	0	-6.457957	0	-7.28711	0	-5.238486	0	-5.729066	0	-1.224897	0	3.762522	3.445733	-0.416876	0.01961854	-2.256299	-1.914866	-5.839604	-1.127024	-1.7017	-2.799768	-1.587179	-1.774944	-4.286079	-0.8487364	-1.28143	-2.68236	2.368121	1.691287	-4.683611	0.3599068	-1.205556	0.168578	-1.994901	255.2337	242.3787	0	0	306.8303	243.1523	373.7517	245.2047	0	0	426.5574	248.2942	339.2803	326.2768	0	0						
AFDES	20160317	Medit M10surpriseface Forward-6	0	MALE	test	TestImage	Emotient FACET	3080	3080			75	3080	1	184	163	290	290	-5.978102	0	-5.790735	0	3.631271	0	-1.035376	0	-5.079218	0	-4.032055	0	-4.075118	0	-6.582992	0	-7.357981	0	-5.071278	0	-5.978102	0	-1.035376	0	3.538628	3.380587	-0.5219386	0.7043501	-2.455698	-2.116556	-5.95161	-1.268484	-1.749111	-2.772589	-1.548522	-1.578389	-4.450282	-0.8441927	-1.277265	-2.869112	2.072844	1.527537	-4.762614	-0.06056561	-1.038116	0.5380583	-1.963588	256.1252	239.9047	0	0	308.939	244.687	373.5145	246.973	0	0	425.9924	246.8279	339.0856	326.5862	0	0						
AFDES	20160317	Medit M10surpriseface Forward-6	0	MALE	test	TestImage	Emotient FACET	3120	3120			76	3120	1	182	160	293	293	-6.151811	0	-5.800938	0	3.486486	0	-0.8615971	0	-4.60874	0	-3.857218	0	-3.915116	0	-6.366111	0	-7.309757	0	-4.484529	0	-6.151811	0	-0.8615971	0	3.395036	3.319405	-0.5144931	0.692741	-2.433753	-2.107805	-5.686961	-1.130766	-1.772254	-2.78334	-1.368846	-1.469707	-3.972658	-0.774929	-1.406036	-2.52762	1.847806	1.325289	-4.673755	-0.6556445	-0.4023958	0.55346	-2.334231	255.2061	236.7843	0	0	307.9166	240.4785	373.6107	243.6176	0	0	425.687	245.013	338.9107	326.2934	0	0						
AFDES	20160317	Medit M10surpriseface Forward-6	0	MALE	test	TestImage	Emotient FACET	3160	3160			77	3160	1	182	160	292	292	-6.856386	0	-6.084153	0	3.701863	0	-0.6395357	0	-5.018933	0	-4.255517	0	-4.448584	0	-6.924879	0	-7.980528	0	-5.05936	0	-6.856386	0	-0.6395357	0	3.555384	3.564437	-0.6515889	1.26606	-2.673426	-2.244926	-5.938115	-1.145064	-1.887652	-2.970664	-1.318781	-1.412866	-4.236774	-0.770923	-1.496506	-2.680806	1.840246	1.312249	-4.95398	-1.014982	-0.3215276	-0.06259885	-2.509436	254.3344	236.6176	0	0	309.5105	238.5904	373.0905	246.0284	0	0	424.6693	244.5838	340.1414	326.0934	0	0						
AFDES	20160317	Medit M10surpriseface Forward-6	0	MALE	test	TestImage	Emotient FACET	3200	3200			78	3200	1	181	158	294	294	-7.119111	0	-5.828778	0	3.642016	0	-0.5058939	0	-5.320771	0	-4.377442	0	-4.83137	0	-6.877608	0	-8.090888	0	-5.625705	0	-7.119111	0	-0.5058939	0	3.525784	3.566733	-0.6057793	1.588138	-2.663553	-2.161096	-5.714665	-1.192536	-1.985057	-3.069357	-1.313513	-1.477245	-4.29309	-0.873343	-1.544751	-2.730377	1.847294	1.443797	-4.943958	-1.236985	0.0821845	-0.4557331	-2.65627	254.1296	234.5476	0	0	309.5168	237.2878	374.5465	246.3149	0	0	425.2426	244.1419	340.7061	325.5391	0	0						
AFDES	20160317	Medit M10surpriseface Forward-6	0	MALE	test	TestImage	Emotient FACET	3240	3240			79	3240	1	180	157	296	296	-7.163879	0	-5.818141	0	3.803031	0	-0.5780189	0	-5.610235	0	-4.336168	0	-5.293705	0	-7.207201	0	-8.365029	0	-6.317278	0	-7.163879	0	-0.5780189	0	3.618365	3.696568	-0.5950342	1.745963	-2.690986	-2.112296	-5.59585	-1.111479	-2.067418	-3.143626	-1.43149	-1.587809	-4.58445	-0.8903962	-1.57267	-2.863764	2.088125	1.68115	-5.025997	-1.210644	0.2340711	-0.4578005	-2.590074	253.6701	233.0276	0	0	309.4307	237.2756	374.0391	246.8407	0	0	426.1733	244.5417	341.2168	325.9438	0	0						
AFDES	20160317	Medit M10surpriseface Forward-6	0	MALE	test	TestImage	Emotient FACET	3280	3280			80	3280	1	180	157	295	295	-7.501925	0	-5.871365	0	3.706238	0	-0.4760962	0	-5.552118	0	-4.495712	0	-5.263516	0	-7.155689	0	-8.525648	0	-6.201296	0	-7.501925	0	-0.4760962	0	3.707037	3.848733	-0.6962994	1.807586	-2.626098	-2.06551	-5.609196	-1.219131	-1.965618	-3.150124	-1.244585	-1.395609	-4.393087	-0.8916754	-1.566372	-2.725194	1.808767	1.456944	-5.204537	-1.248743	0.3281531	-0.7649629	-2.646032	254.3441	231.9307	0	0	310.2556	237.0325	374.6534	245.2863	0	0	424.5468	243.4675	340.5156	326.7844	0	0						
AFDES	20160317	Medit M10surpriseface Forward-6	0	MALE	test	TestImage	Emotient FACET	3320	3320			81	3320	1	180	157	296	296	-7.528724	0	-5.827956	0	3.605842	0	-0.3578755	0	-5.513481	0	-4.41132	0	-5.287392	0	-7.221013	0	-8.543367	0	-6.308731	0	-7.528724	0	-0.3578755	0	3.754393	3.903519	-0.6323828	1.914002	-2.619129	-2.02636	-5.601124	-1.164634	-1.982455	-3.174355	-1.184549	-1.365517	-4.443408	-0.8975551	-1.594747	-2.722476	1.746438	1.387803	-5.193209	-1.36687	0.4598603	-0.6282371	-2.595553	254.0599	231.9092	0	0	309.2785	237.4827	373.3932	244.5597	0	0	425.757	244.432	339.9957	325.9446	0	0						
AFDES	20160317	Medit M10surpriseface Forward-6	0	MALE	test	TestImage	Emotient FACET	3360	3360			82	3360	1	180	157	295	295	-7.840065	0	-5.930404	0	3.63667	0	-0.3681906	0	-5.764239	0	-4.651011	0	-5.488964	0	-7.33203	0	-8.769145	0	-6.550488	0	-7.840065	0	-0.3681906	0	3.81919	3.978919	-0.7116662	1.996847	-2.67345	-2.043715	-5.684424	-1.242335	-1.97771	-3.248823	-1.130574	-1.370628	-4.446269	-0.8481162	-1.566351	-2.725496	1.851122	1.514094	-5.278444	-1.3489	0.4922674	-0.5940844	-2.593828	254.3809	231.8034	0	0	309.1688	237.3377	373.7588	245.3777	0	0	424.9151	243.2992	340.9179	326.2123	0	0						
AFDES	20160317	Medit M10surpriseface Forward-6	0	MALE	test	TestImage	Emotient FACET	3400	3400			83	3400	1	179	156	297	297	-7.31398	0	-5.741942	0	3.709649	0	-0.3806172	0	-5.647363	0	-4.439539	0	-5.411019	0	-7.178259	0	-8.454782	0	-6.461029	0	-7.31398	0	-0.3806172	0	3.695673	3.799984	-0.5898131	1.845627	-2.557193	-2.005605	-5.569534	-1.180338	-1.979157	-3.135091	-1.345959	-1.494212	-4.37627	-0.9390205	-1.498008	-2.723353	1.960676	1.588506	-5.120884	-1.266451	0.4378361	-0.5665198	-2.632955	254.0775	231.9396	0	0	309.1351	237.0558	374.4608	244.9169	0	0	426.4774	243.8921	340.7852	326.0853	0	0						
AFDES	20160317	Medit M10surpriseface Forward-6	0	MALE	test	TestImage	Emotient FACET	3440	3440			84	3440	1	180	157	297	297	-7.673173	0	-5.892124	0	3.767627	0	-0.3957838	0	-5.88668	0	-4.670871	0	-5.738764	0	-7.473026	0	-8.769759	0	-6.797541	0	-7.673173	0	-0.3957838	0	3.784153	3.950874	-0.6505135	2.046986	-2.672692	-2.079437	-5.734671	-1.217454	-2.043607	-3.240499	-1.31993	-1.519368	-4.574972	-0.9678333	-1.591423	-2.816972	2.002419	1.653073	-5.240255	-1.376075	0.5541639	-0.5974249	-2.773194	254.7609	232.3852	0	0	308.4718	238.3701	374.6982	245.146	0	0	426.3209	243.9112	340.5017	326.3049	0	0						
AFDES	20160317	Medit M10surpriseface Forward-6	0	MALE	test	TestImage	Emotient FACET	3480	3480			85	3480	1	180	157	296	296	-7.773043	0	-5.950244	0	3.760571	0	-0.4271938	0	-5.839612	0	-4.690581	0	-5.768187	0	-7.526908	0	-8.866973	0	-6.807729	0	-7.773043	0	-0.4271938	0	3.840796	4.027839	-0.706144	2.079908	-2.698629	-2.104632	-5.777832	-1.225264	-2.03084	-3.262365	-1.307409	-1.488796	-4.612204	-0.9547092	-1.639644	-2.818741	1.935928	1.583328	-5.329351	-1.426336	0.7870111	-0.5059065	-2.804275	254.7037	232.0017	0	0	309.3716	237.9713	374.4537	245.9034	0	0	425.7326	243.41	340.3536	326.4944	0	0						
AFDES	20160317	Medit M10surpriseface Forward-6	0	MALE	test	TestImage	Emotient FACET	3520	3520			86	3520	1	181	158	295	295	-7.71709	0	-5.907616	0	3.731311	0	-0.4655336	0	-5.770354	0	-4.480937	0	-5.643227	0	-7.605921	0	-8.888049	0	-6.715785	0	-7.71709	0	-0.4655336	0	3.795069	3.990277	-0.6864145	2.092573	-2.717857	-2.056185	-5.690124	-1.120338	-2.053986	-3.238415	-1.181896	-1.409041	-4.704721	-0.9589341	-1.690641	-2.885423	1.836832	1.475696	-5.351072	-1.584475	0.7253765	-0.6733628	-2.843938	255.9134	231.8545	0	0	310.3737	237.2749	374.2924	247.4345	0	0	425.9118	243.9396	340.3727	327.7307	0	0						
AFDES	20160317	Medit M10surpriseface Forward-6	0	MALE	test	TestImage	Emotient FACET	3560	3560			87	3560	1	180	157	298	298	-7.53913	0	-5.899611	0	3.862661	0	-0.3377529	0	-6.00845	0	-4.739386	0	-6.031595	0	-7.693458	0	-8.847012	0	-7.112644	0	-7.53913	0	-0.3377529	0	3.764502	3.95503	-0.6147446	2.122636	-2.726781	-2.065925	-5.853412	-1.177615	-2.101554	-3.272379	-1.580662	-1.729135	-4.802533	-0.957085	-1.65157	-2.998899	2.207245	1.823943	-5.155036	-1.482151	0.8828857	-0.782849	-2.932444	255.2183	233.0384	0	0	309.5294	238.5124	375.1462	246.7465	0	0	427.7466	244.3062	340.6096	327.2435	0	0						
AFDES	20160317	Medit M10surpriseface Forward-6	0	MALE	test	TestImage	Emotient FACET	3600	3600			88	3600	1	181	157	297	297	-7.52386	0	-5.848225	0	3.855572	0	-0.3849784	0	-5.911856	0	-4.579548	0	-5.912408	0	-7.642107	0	-8.816159	0	-6.933456	0	-7.52386	0	-0.3849784	0	3.708934	3.918213	-0.6464997	2.064182	-2.743637	-2.078106	-5.784823	-1.125571	-2.090825	-3.248438	-1.484003	-1.592354	-4.722308	-0.9778873	-1.592338	-2.946374	2.051896	1.68244	-5.192934	-1.498848	0.8560849	-0.5163664	-2.898175	255.7316	232.1783	0	0	310.8625	238.3293	375.4756	246.0081	0	0	427.8422	244.4309	341.2083	327.2889	0	0						
AFDES	20160317	Medit M10surpriseface Forward-6	0	MALE	test	TestImage	Emotient FACET	3640	3640			89	3640	1	180	156	299	299	-7.045492	0	-5.561219	0	3.840559	0	-0.3675428	0	-5.684593	0	-4.233919	0	-5.802824	0	-7.369372	0	-8.451375	0	-6.7178	0	-7.045492	0	-0.3675428	0	3.492029	3.723079	-0.5959414	1.88954	-2.67272	-2.041387	-5.533824	-1.030566	-2.008132	-3.114234	-1.575828	-1.678515	-4.638233	-0.8645361	-1.552462	-2.927317	2.11727	1.715057	-4.961991	-1.483557	0.7488405	-0.5383533	-2.83895	255.951	231.653	0	0	311.3789	235.8399	376.5214	245.6469	0	0	428.1668	244.3886	341.2814	327.5063	0	0						
AFDES	20160317	Medit M10surpriseface Forward-6	0	MALE	test	TestImage	Emotient FACET	3680	3680			90	3680	1	181	157	297	297	-7.490954	0	-5.825172	0	3.851828	0	-0.4570061	0	-5.943448	0	-4.50361	0	-5.901113	0	-7.659081	0	-8.855026	0	-7.003367	0	-7.490954	0	-0.4570061	0	3.675693	3.884472	-0.6371945	2.064372	-2.717854	-2.026246	-5.729604	-1.141166	-2.072914	-3.258582	-1.431274	-1.574445	-4.709091	-0.9710441	-1.562026	-2.938768	2.023367	1.678129	-5.242985	-1.519416	1.11246	-0.5760158	-3.003091	256.0833	231.6997	0	0	312.133	236.9207	376.3919	246.2742	0	0	428.3033	244.0681	342.3109	326.6675	0	0						
AFDES	20160317	Medit M10surpriseface Forward-6	0	MALE	test	TestImage	Emotient FACET	3720	3720			91	3720	1	182	157	297	297	-7.58708	0	-5.776944	0	4.137817	0	-0.6582351	0	-6.170423	0	-4.841278	0	-6.128543	0	-7.565677	0	-8.701526	0	-7.107137	0	-7.58708	0	-0.6582351	0	3.634188	3.831055	-0.6993778	2.03076	-2.789306	-2.090426	-5.810666	-1.309969	-2.176398	-3.296203	-1.702877	-1.807999	-4.658178	-1.009537	-1.491608	-2.946488	2.355274	1.98629	-5.205627	-1.280994	0.9886941	-0.6881976	-3.08798	256.2426	231.627	0	0	312.9208	239.5748	378.0749	244.731	0	0	429.1836	243.222	342.1792	325.8535	0	0						
AFDES	20160317	Medit M10surpriseface Forward-6	0	MALE	test	TestImage	Emotient FACET	3760	3760			92	3760	1	181	156	298	298	-7.293294	0	-5.676486	0	3.88372	0	-0.3781722	0	-5.844886	0	-4.465873	0	-5.924206	0	-7.527107	0	-8.6436	0	-6.886394	0	-7.293294	0	-0.3781722	0	3.599384	3.838164	-0.6272046	2.002924	-2.692955	-2.032359	-5.674759	-1.145264	-2.065178	-3.197673	-1.560762	-1.65893	-4.656203	-0.9324142	-1.563685	-2.932362	2.102453	1.73771	-5.098617	-1.512266	1.003751	-0.5813936	-3.19077	256.9102	231.1569	0	0	312.7878	236.9233	377.2148	245.3228	0	0	429.8007	244.1169	342.4237	326.4947	0	0						
AFDES	20160317	Medit M10surpriseface Forward-6	0	MALE	test	TestImage	Emotient FACET	3800	3800			93	3800	1	182	156	298	298	-7.294613	0	-5.651674	0	3.868027	0	-0.3853776	0	-5.804692	0	-4.296815	0	-5.913295	0	-7.536962	0	-8.649244	0	-6.893742	0	-7.294613	0	-0.3853776	0	3.581754	3.838766	-0.616895	1.972424	-2.691255	-2.053843	-5.535182	-1.018753	-2.009585	-3.199675	-1.481777	-1.619101	-4.636878	-0.9064462	-1.543107	-2.900357	2.114736	1.710181	-5.102238	-1.469125	1.023514	-0.5854153	-3.195459	257.2927	230.8697	0	0	312.8771	236.962	376.6169	245.2479	0	0	429.9337	243.9067	342.6183	326.6952	0	0						
AFDES	20160317	Medit M10surpriseface Forward-6	0	MALE	test	TestImage	Emotient FACET	3840	3840			94	3840	1	183	156	297	297	-7.62679	0	-5.71189	0	4.107163	0	-0.6340123	0	-6.082405	0	-4.736148	0	-6.197848	0	-7.616956	0	-8.781679	0	-7.08936	0	-7.62679	0	-0.6340123	0	3.546149	3.811038	-0.7290045	2.062606	-2.780906	-2.102133	-5.748987	-1.269773	-2.121176	-3.282533	-1.648178	-1.747445	-4.666896	-0.9969118	-1.465914	-2.978122	2.253843	1.914149	-5.319294	-1.481224	1.020201	-0.8460122	-3.402275	257.8065	231.6779	0	0	313.9571	237.2674	377.8944	244.536	0	0	430.5786	244.1245	343.3823	326.1711	0	0						
AFDES	20160317	Medit M10surpriseface Forward-6	0	MALE	test	TestImage	Emotient FACET	3880	3880			95	3880	1	183	156	297	297	-7.537472	0	-5.616278	0	4.063384	0	-0.623224	0	-6.013454	0	-4.603972	0	-6.072729	0	-7.502406	0	-8.699379	0	-6.909838	0	-7.537472	0	-0.623224	0	3.444231	3.739819	-0.7553169	1.972543	-2.760746	-2.095058	-5.658608	-1.214216	-2.079334	-3.25365	-1.596738	-1.695901	-4.541656	-0.9432022	-1.421289	-2.912455	2.197594	1.861584	-5.278628	-1.445817	1.211217	-0.7780983	-3.514169	257.9623	230.9032	0	0	314.9757	237.6228	378.2317	244.1668	0	0	430.6837	243.4424	343.5355	326.0428	0	0						
AFDES	20160317	Medit M10surpriseface Forward-6	0	MALE	test	TestImage	Emotient FACET	3920	3920			96	3920	1	182	156	298	298	-7.141667	0	-5.462882	0	3.831596	0	-0.4327765	0	-5.585458	0	-4.155804	0	-5.705034	0	-7.24994	0	-8.401558	0	-6.490582	0	-7.141667	0	-0.4327765	0	3.402041	3.708275	-0.6423734	1.811973	-2.611431	-2.063577	-5.421965	-1.02045	-1.932196	-3.092549	-1.43595	-1.564123	-4.421497	-0.9176478	-1.4616	-2.797048	1.963217	1.604913	-5.103942	-1.425625	1.288108	-0.5558901	-3.330992	257.9521	230.2087	0	0	313.2604	236.1976	377.1437	244.4231	0	0	430.4439	244.0581	343.9294	325.8602	0	0						
AFDES	20160317	Medit M10surpriseface Forward-6	0	MALE	test	TestImage	Emotient FACET	3960	3960			97	3960	1	183	156	297	297	-7.203918	0	-5.47296	0	3.840378	0	-0.4836894	0	-5.581079	0	-4.173487	0	-5.679067	0	-7.210101	0	-8.395906	0	-6.424148	0	-7.203918	0	-0.4836894	0	3.425653	3.72495	-0.6647326	1.814333	-2.635296	-2.079882	-5.430926	-1.053481	-1.961042	-3.088322	-1.406237	-1.533211	-4.433925	-0.9016026	-1.489529	-2.788282	1.91195	1.557847	-5.126662	-1.440972	1.285297	-0.5558009	-3.293025	258.5464	229.7983	0	0	313.2283	236.2881	376.6854	244.7533	0	0	430.7007	243.7337	344.0713	325.8066	0	0						
AFDES	20160317	Medit M10surpriseface Forward-6	0	MALE	test	TestImage	Emotient FACET	4000	4000			98	4000	1	183	156	297	297	-7.244488	0	-5.549401	0	3.930127	0	-0.5243332	0	-5.717237	0	-4.247393	0	-5.876395	0	-7.402014	0	-8.539626	0	-6.635481	0	-7.244488	0	-0.5243332	0	3.452779	3.771032	-0.6900347	1.901381	-2.686077	-2.076707	-5.494811	-1.062901	-2.013231	-3.148475	-1.512852	-1.594556	-4.541155	-0.891008	-1.51637	-2.876053	2.039564	1.669787	-5.169997	-1.514101	1.312023	-0.5933874	-3.356428	257.9771	230.5698	0	0	313.268	236.0136	377.5999	245.4487	0	0	430.4582	243.9401	343.9666	325.4547	0	0						
AFDES	20160317	Medit M10surpriseface Forward-6	0	MALE	test	TestImage	Emotient FACET	4040	4040			99	4040	1	182	156	298	298	-7.176871	0	-5.535631	0	3.955381	0	-0.4974826	0	-5.776412	0	-4.334986	0	-5.958592	0	-7.452753	0	-8.531176	0	-6.761936	0	-7.176871	0	-0.4974826	0	3.428863	3.741855	-0.6810151	1.927964	-2.733814	-2.05487	-5.556006	-1.085274	-2.039331	-3.163423	-1.572222	-1.68546	-4.631618	-0.8867456	-1.498451	-2.917354	2.119835	1.754987	-5.105128	-1.520984	1.067599	-0.756515	-3.343501	258.1481	230.8184	0	0	313.467	236.8852	378.3976	244.9397	0	0	430.6454	243.9507	342.9297	326.032	0	0						
AFDES	20160317	Medit M10surpriseface Forward-6	0	MALE	test	TestImage	Emotient FACET	4080	4080			100	4080	1	182	156	296	296	-7.448387	0	-5.60357	0	3.940209	0	-0.5713511	0	-5.689228	0	-4.276962	0	-5.936172	0	-7.542899	0	-8.693242	0	-6.679826	0	-7.448387	0	-0.5713511	0	3.47683	3.848111	-0.740648	1.970298	-2.719352	-2.125161	-5.491471	-1.039486	-1.971889	-3.126667	-1.313663	-1.481658	-4.550123	-0.937506	-1.5392	-2.810939	1.878214	1.536343	-5.253461	-1.647991	1.153947	-0.4109951	-3.323804	257.3666	230.8201	0	0	313.9003	236.0273	376.4539	246.0148	0	0	429.3859	243.7512	342.7692	326.1199	0	0						
AFDES	20160317	Medit M10surpriseface Forward-6	0	MALE	test	TestImage	Emotient FACET	4120	4120			101	4120	1	181	157	298	298	-7.321282	0	-5.721339	0	3.996845	0	-0.4666707	0	-5.92946	0	-4.450908	0	-6.295142	0	-7.71911	0	-8.801867	0	-7.159348	0	-7.321282	0	-0.4666707	0	3.587922	3.919605	-0.6958734	2.013608	-2.741936	-2.138565	-5.635671	-1.067106	-2.005173	-3.199625	-1.6032	-1.753836	-4.806851	-0.956792	-1.554653	-2.973068	2.225604	1.841446	-5.153217	-1.381148	1.362643	-0.07573022	-3.394613	256.7684	232.1415	0	0	311.9201	237.0904	375.8297	246.5285	0	0	429.2185	244.273	342.3523	327.591	0	0						
AFDES	20160317	Medit M10surpriseface Forward-6	0	MALE	test	TestImage	Emotient FACET	4160	4160			102	4160	1	182	157	296	296	-7.362809	0	-5.621903	0	3.917875	0	-0.6332008	0	-5.603456	0	-4.319279	0	-5.891901	0	-7.542832	0	-8.742935	0	-6.620862	0	-7.362809	0	-0.6332008	0	3.433986	3.794387	-0.7763509	1.993705	-2.668651	-2.056575	-5.550428	-1.062914	-1.917723	-3.061224	-1.28946	-1.444801	-4.465209	-0.9602492	-1.526972	-2.772243	1.77646	1.509109	-5.230819	-1.691395	1.232074	-0.1328021	-3.209936	257.6617	230.6319	0	0	312.5517	237.4602	377.0829	246.8452	0	0	428.6217	244.5513	342.5475	327.2058	0	0						
AFDES	20160317	Medit M10surpriseface Forward-6	0	MALE	test	TestImage	Emotient FACET	4200	4200			103	4200	1	180	157	298	298	-7.316633	0	-5.550124	0	3.986544	0	-0.6133779	0	-5.805012	0	-4.233969	0	-6.060793	0	-7.593562	0	-8.696016	0	-6.906877	0	-7.316633	0	-0.6133779	0	3.42537	3.779722	-0.6917877	1.974945	-2.731529	-2.090082	-5.502907	-1.003202	-2.009217	-3.152076	-1.455529	-1.63011	-4.695864	-0.8643355	-1.520332	-2.932491	2.075508	1.728878	-5.2046	-1.6402	1.168042	-0.1823437	-3.272631	256.2556	231.6613	0	0	311.1871	236.2585	375.84	247.2599	0	0	428.3195	245.2025	342.323	327.8755	0	0						
AFDES	20160317	Medit M10surpriseface Forward-6	0	MALE	test	TestImage	Emotient FACET	4240	4240			104	4240	1	180	157	298	298	-7.461801	0	-5.598053	0	4.170498	0	-0.7965146	0	-6.052214	0	-4.494485	0	-6.301421	0	-7.693185	0	-8.804031	0	-7.157622	0	-7.461801	0	-0.7965146	0	3.430133	3.779968	-0.7651547	2.04611	-2.811426	-2.140921	-5.62806	-1.122744	-2.08964	-3.233179	-1.589007	-1.750808	-4.769409	-0.9499986	-1.495961	-2.996132	2.240062	1.916068	-5.331578	-1.554491	1.098839	-0.3500896	-3.367188	255.9474	231.6118	0	0	312.1052	237.7552	376.6334	246.0619	0	0	428.5429	244.8117	341.3522	327.5677	0	0						
AFDES	20160317	Medit M10surpriseface Forward-6	0	MALE	test	TestImage	Emotient FACET	4280	4280			105	4280	1	180	157	297	297	-7.766512	0	-5.757469	0	4.086792	0	-0.7357522	0	-6.112077	0	-4.558319	0	-6.381232	0	-7.91756	0	-9.065572	0	-7.216105	0	-7.766512	0	-0.7357522	0	3.581335	3.952141	-0.7784056	2.13716	-2.851162	-2.129335	-5.683116	-1.135629	-2.124218	-3.309342	-1.490722	-1.655294	-4.89209	-0.9602976	-1.57337	-3.049551	2.137251	1.793467	-5.462186	-1.6819	1.124903	-0.1925869	-3.348159	255.2843	232.079	0	0	311.1095	238.3534	375.1575	247.165	0	0	428.1001	244.9704	340.7288	326.6199	0	0						
AFDES	20160317	Medit M10surpriseface Forward-6	0	MALE	test	TestImage	Emotient FACET	4320	4320			106	4320	1	180	158	296	296	-8.022906	0	-5.828977	0	4.19678	0	-0.836969	0	-6.207263	0	-4.683329	0	-6.608292	0	-8.028105	0	-9.213204	0	-7.363307	0	-8.022906	0	-0.836969	0	3.648443	4.038631	-0.865517	2.245942	-2.91321	-2.190508	-5.704829	-1.159266	-2.117829	-3.335809	-1.476006	-1.642138	-4.908443	-0.9890483	-1.566787	-3.045994	2.166411	1.819429	-5.564744	-1.691278	0.9524385	-0.1003011	-3.223158	255.3177	231.7424	0	0	309.7522	239.299	374.8122	247.0239	0	0	427.2349	244.5192	340.4301	325.9329	0	0						
AFDES	20160317	Medit M10surpriseface Forward-6	0	MALE	test	TestImage	Emotient FACET	4360	4360			107	4360	1	180	157	296	296	-7.928242	0	-5.768419	0	4.054435	0	-0.7262185	0	-5.890849	0	-4.527326	0	-6.238706	0	-7.809153	0	-9.082141	0	-6.971644	0	-7.928242	0	-0.7262185	0	3.608119	4.017243	-0.8384362	2.178027	-2.793626	-2.168085	-5.615473	-1.136046	-1.979406	-3.199759	-1.275702	-1.47614	-4.639948	-0.9839781	-1.599164	-2.85534	1.868251	1.544615	-5.515432	-1.748454	0.8553208	-0.2791938	-3.053407	254.4868	230.7566	0	0	309.3766	237.3381	374.2868	247.0609	0	0	425.4324	244.1011	340.5928	326.3441	0	0						
AFDES	20160317	Medit M10surpriseface Forward-6	0	MALE	test	TestImage	Emotient FACET	4400	4400			108	4400	1	179	157	296	296	-7.821308	0	-5.817854	0	4.030624	0	-0.6398848	0	-5.920397	0	-4.521827	0	-6.268092	0	-7.839743	0	-9.048918	0	-7.05768	0	-7.821308	0	-0.6398848	0	3.695876	4.068374	-0.7869523	2.184504	-2.805936	-2.118553	-5.684498	-1.134439	-2.031179	-3.23908	-1.39362	-1.553474	-4.803539	-0.9746635	-1.668007	-2.938635	1.937549	1.605955	-5.456015	-1.705429	0.9949887	-0.4307462	-2.869343	254.3686	231.2418	0	0	308.079	237.3073	374.0104	247.7248	0	0	425.5046	244.2446	340.2364	326.3538	0	0						
AFDES	20160317	Medit M10surpriseface Forward-6	0	MALE	test	TestImage	Emotient FACET	4440	4440			109	4440	1	180	158	294	294	-8.219039	0	-5.866421	0	4.007906	0	-0.7165036	0	-6.042647	0	-4.760617	0	-6.300683	0	-7.828765	0	-9.243075	0	-7.032455	0	-8.219039	0	-0.7165036	0	3.715301	4.133126	-0.9428961	2.281887	-2.822518	-2.128056	-5.730662	-1.240376	-1.938398	-3.229562	-1.182724	-1.440183	-4.571235	-0.9189014	-1.561282	-2.778383	1.872133	1.569497	-5.534955	-1.716158	0.9405757	-0.3772259	-2.880384	254.1903	231.8541	0	0	309.5806	236.6479	373.2228	246.7514	0	0	424.2377	243.265	340.2236	326.351	0	0						
AFDES	20160317	Medit M10surpriseface Forward-6	0	MALE	test	TestImage	Emotient FACET	4480	4480			110	4480	1	180	158	295	295	-8.23645	0	-5.825923	0	4.022575	0	-0.6762747	0	-6.030462	0	-4.791607	0	-6.372124	0	-7.794193	0	-9.177921	0	-7.031474	0	-8.23645	0	-0.6762747	0	3.727682	4.1585	-0.9136997	2.285455	-2.801728	-2.145264	-5.688808	-1.225356	-1.931958	-3.236897	-1.229835	-1.472769	-4.569383	-0.9702579	-1.541154	-2.774137	1.932779	1.607036	-5.525872	-1.652034	0.9792679	-0.3276791	-2.874438	254.1504	231.8506	0	0	307.8667	237.7121	373.227	246.8428	0	0	424.0921	243.0049	340.1667	326.4211	0	0						
AFDES	20160317	Medit M10surpriseface Forward-6	0	MALE	test	TestImage	Emotient FACET	4520	4520			111	4520	1	180	158	295	295	-7.873896	0	-5.767356	0	3.985473	0	-0.6355439	0	-5.842165	0	-4.545619	0	-6.195811	0	-7.747045	0	-9.0515	0	-6.861455	0	-7.873896	0	-0.6355439	0	3.639611	4.077019	-0.8365252	2.177984	-2.75108	-2.119883	-5.654779	-1.163804	-1.923067	-3.179809	-1.245183	-1.456871	-4.590139	-0.9825382	-1.57612	-2.803229	1.825356	1.498693	-5.483041	-1.633661	1.027871	-0.2946981	-2.833815	254.2635	231.7586	0	0	307.9431	237.668	373.8445	247.1593	0	0	424.5525	243.8297	340.2468	326.4509	0	0						
AFDES	20160317	Medit M10surpriseface Forward-6	0	MALE	test	TestImage	Emotient FACET	4560	4560			112	4560	1	180	157	296	296	-7.634278	0	-5.664442	0	4.037927	0	-0.6819254	0	-5.797937	0	-4.437662	0	-6.169896	0	-7.65373	0	-8.906778	0	-6.803222	0	-7.634278	0	-0.6819254	0	3.500506	3.943281	-0.824777	2.07451	-2.748809	-2.133131	-5.597411	-1.112494	-1.927982	-3.132383	-1.317776	-1.494108	-4.54474	-0.9451818	-1.520567	-2.814759	1.880886	1.571064	-5.369227	-1.665861	1.021472	-0.08470655	-3.022798	254.4787	231.38	0	0	309.424	237.1106	374.8506	246.3244	0	0	425.3075	244.1544	340.5356	326.6121	0	0						
AFDES	20160317	Medit M10surpriseface Forward-6	0	MALE	test	TestImage	Emotient FACET	4600	4600			113	4600	1	180	157	296	296	-7.682319	0	-5.606781	0	4.018361	0	-0.653827	0	-5.76439	0	-4.367792	0	-6.087349	0	-7.559603	0	-8.811696	0	-6.717783	0	-7.682319	0	-0.653827	0	3.481185	3.912551	-0.8284556	2.03336	-2.719909	-2.140649	-5.503139	-1.094384	-1.917989	-3.122277	-1.263192	-1.46014	-4.480201	-0.9764045	-1.49584	-2.767136	1.850786	1.529528	-5.366701	-1.628503	1.191449	0.02483559	-3.050424	254.4706	231.1619	0	0	310.5284	235.5934	374.6519	247.9472	0	0	425.325	243.0686	341.1055	326.6321	0	0						
AFDES	20160317	Medit M10surpriseface Forward-6	0	MALE	test	TestImage	Emotient FACET	4640	4640			114	4640	1	181	157	296	296	-7.491181	0	-5.758595	0	4.107213	0	-0.7348284	0	-5.895475	0	-4.387439	0	-6.257885	0	-7.864186	0	-9.041234	0	-6.983532	0	-7.491181	0	-0.7348284	0	3.548595	3.924838	-0.8211548	2.073499	-2.806088	-2.088311	-5.685248	-1.026491	-2.007603	-3.182411	-1.405039	-1.547287	-4.870744	-0.9709997	-1.635045	-2.988934	1.919198	1.614303	-5.394186	-1.764024	1.155245	0.100275	-3.224034	256.6612	230.2779	0	0	312.5032	238.7337	375.342	246.7441	0	0	428.1157	245.1306	340.5756	327.0905	0	0						
AFDES	20160317	Medit M10surpriseface Forward-6	0	MALE	test	TestImage	Emotient FACET	4680	4680			115	4680	1	180	156	298	298	-7.309319	0	-5.596358	0	4.230931	0	-0.7345105	0	-5.996621	0	-4.4985	0	-6.396215	0	-7.696352	0	-8.791947	0	-7.14434	0	-7.309319	0	-0.7345105	0	3.421749	3.825865	-0.7416242	2.057324	-2.780074	-2.120738	-5.626626	-1.104788	-2.034336	-3.174906	-1.696715	-1.77465	-4.744978	-0.9922202	-1.474591	-2.991079	2.289194	1.970452	-5.215986	-1.484065	1.328399	0.1579808	-3.376908	255.6958	231.6138	0	0	311.2116	237.3495	375.7554	246.2741	0	0	428.8154	244.0168	341.6197	326.6824	0	0						
AFDES	20160317	Medit M10surpriseface Forward-6	0	MALE	test	TestImage	Emotient FACET	4720	4720			116	4720	1	180	156	299	299	-7.151777	0	-5.469841	0	4.26051	0	-0.6493013	0	-5.931921	0	-4.473714	0	-6.417854	0	-7.56799	0	-8.577969	0	-7.06367	0	-7.151777	0	-0.6493013	0	3.354399	3.778846	-0.7077559	2.007825	-2.744673	-2.118379	-5.593017	-1.15677	-2.052906	-3.153321	-1.833037	-1.895174	-4.715191	-1.025417	-1.4727	-3.019655	2.373298	2.044597	-5.12914	-1.410005	1.253051	0.2389245	-3.425625	255.8736	231.9119	0	0	311.8175	237.4317	376.637	246.0477	0	0	429.509	244.0499	341.6161	327.2542	0	0						
AFDES	20160317	Medit M10surpriseface Forward-6	0	MALE	test	TestImage	Emotient FACET	4760	4760			117	4760	1	180	156	299	299	-6.886191	0	-5.456845	0	4.103852	0	-0.4824226	0	-5.683534	0	-4.156767	0	-6.311955	0	-7.615162	0	-8.622818	0	-6.900382	0	-6.886191	0	-0.4824226	0	3.367095	3.827704	-0.7052302	2.004155	-2.706987	-2.059385	-5.550906	-1.018222	-1.945161	-3.102691	-1.756371	-1.810693	-4.795531	-0.9144467	-1.535266	-3.030061	2.191799	1.830913	-5.059943	-1.599135	1.468383	0.3993945	-3.46654	256.7278	231.2428	0	0	312.0956	237.5177	376.9534	247.0712	0	0	429.7239	244.3922	341.4906	327.5673	0	0						
AFDES	20160317	Medit M10surpriseface Forward-6	0	MALE	test	TestImage	Emotient FACET	4800	4800			118	4800	1	181	156	300	300	-7.139946	0	-5.231246	0	4.224844	0	-0.6626011	0	-5.969071	0	-4.48141	0	-6.236748	0	-7.199972	0	-8.270061	0	-6.95092	0	-7.139946	0	-0.6626011	0	3.199114	3.598548	-0.6871989	1.908634	-2.654201	-2.062785	-5.4831	-1.191791	-2.052628	-3.146779	-1.826285	-1.989305	-4.462804	-1.043284	-1.299784	-2.892455	2.479735	2.166882	-5.101095	-1.239945	1.469034	0.1550424	-3.648093	256.7975	231.4873	0	0	312.0861	238.0778	378.8775	245.0732	0	0	431.0713	243.2872	342.9848	325.731	0	0						
AFDES	20160317	Medit M10surpriseface Forward-6	0	MALE	test	TestImage	Emotient FACET	4840	4840			119	4840	1	183	157	298	298	-7.47237	0	-5.502285	0	4.318288	0	-0.7195565	0	-6.129547	0	-4.613523	0	-6.606089	0	-7.716002	0	-8.781937	0	-7.216387	0	-7.47237	0	-0.7195565	0	3.364702	3.835797	-0.8054807	2.089927	-2.817093	-2.15355	-5.6776	-1.167596	-2.084839	-3.244491	-1.800477	-1.896398	-4.740972	-1.061746	-1.404491	-3.015474	2.411565	2.080485	-5.262844	-1.494621	1.574055	0.194743	-3.495421	257.4287	231.9695	0	0	313.5411	238.0064	378.6963	246.3006	0	0	430.8038	243.8709	343.5054	326.226	0	0						
AFDES	20160317	Medit M10surpriseface Forward-6	0	MALE	test	TestImage	Emotient FACET	4880	4880			120	4880	1	183	156	298	298	-7.503746	0	-5.509808	0	4.335395	0	-0.7523216	0	-6.157581	0	-4.679187	0	-6.563055	0	-7.661387	0	-8.734441	0	-7.202798	0	-7.503746	0	-0.7523216	0	3.358328	3.822618	-0.7825511	2.065462	-2.7966	-2.192653	-5.647462	-1.210343	-2.082284	-3.230869	-1.75279	-1.883873	-4.68365	-1.079624	-1.382582	-2.990562	2.395001	2.072349	-5.294688	-1.408299	1.573755	0.3652678	-3.515748	257.579	231.8381	0	0	314.0798	237.3258	378.3121	246.2664	0	0	430.4939	243.3635	344.0679	327.0191	0	0						
AFDES	20160317	Medit M10surpriseface Forward-6	0	MALE	test	TestImage	Emotient FACET	4920	4920			121	4920	1	183	156	299	299	-7.429811	0	-5.47148	0	4.460491	0	-0.796389	0	-6.244989	0	-4.760134	0	-6.697236	0	-7.643211	0	-8.68602	0	-7.277205	0	-7.429811	0	-0.796389	0	3.335859	3.801085	-0.7909496	2.061894	-2.834548	-2.202438	-5.682508	-1.248779	-2.126507	-3.243661	-1.954445	-2.031476	-4.70517	-1.105168	-1.380038	-3.025905	2.569535	2.217011	-5.240328	-1.358276	1.409391	0.07909242	-3.734643	257.9739	232.2553	0	0	312.9488	238.6389	379.2308	246.1627	0	0	432.1544	243.7094	344.3414	325.3784	0	0						
AFDES	20160317	Medit M10surpriseface Forward-6	0	MALE	test	TestImage	Emotient FACET	4960	4960			122	4960	1	183	156	299	299	-7.393536	0	-5.435029	0	4.426285	0	-0.7908071	0	-6.27232	0	-4.752786	0	-6.597658	0	-7.485175	0	-8.589555	0	-7.290171	0	-7.393536	0	-0.7908071	0	3.300354	3.742771	-0.7829962	1.983088	-2.75889	-2.160079	-5.643533	-1.265368	-2.05482	-3.240635	-1.926855	-2.034678	-4.605772	-1.078689	-1.304808	-2.951292	2.625048	2.294399	-5.238433	-1.256855	1.474017	0.2671473	-3.717494	257.9274	232.4228	0	0	312.5574	238.2739	379.6657	244.8613	0	0	431.8407	243.8492	344.7271	325.0318	0	0						
AFDES	20160317	Medit M10surpriseface Forward-6	0	MALE	test	TestImage	Emotient FACET	5000	5000			123	5000	1	183	156	298	298	-7.439406	0	-5.344812	0	4.374123	0	-0.7410574	0	-6.167038	0	-4.571329	0	-6.612872	0	-7.517673	0	-8.591108	0	-7.142515	0	-7.439406	0	-0.7410574	0	3.259188	3.747069	-0.7658498	2.076254	-2.780141	-2.130311	-5.525582	-1.179985	-2.121366	-3.235865	-1.898426	-1.964531	-4.645621	-1.071182	-1.361773	-3.031644	2.465478	2.117292	-5.260605	-1.413667	1.493285	0.3773235	-3.731694	257.9285	232.2251	0	0	313.8222	237.8234	379.5607	246.1554	0	0	431.7672	243.9245	344.6074	325.6724	0	0						
AFDES	20160317	Medit M10surpriseface Forward-6	0	MALE	test	TestImage	Emotient FACET	5040	5040			124	5040	1	183	156	298	298	-7.314932	0	-5.29777	0	4.34498	0	-0.7436339	0	-6.075801	0	-4.510012	0	-6.520476	0	-7.429744	0	-8.537854	0	-7.057202	0	-7.314932	0	-0.7436339	0	3.207066	3.712034	-0.775831	2.024242	-2.734191	-2.116412	-5.514059	-1.174953	-2.041397	-3.195719	-1.870097	-1.932559	-4.596451	-1.053176	-1.327847	-2.987487	2.413484	2.108421	-5.25582	-1.424661	1.545991	0.456042	-3.704015	258.2708	231.6097	0	0	313.3448	237.7791	379.4975	246.0247	0	0	431.7487	243.9268	345.0607	325.6057	0	0						
AFDES	20160317	Medit M10surpriseface Forward-6	0	MALE	test	TestImage	Emotient FACET	5080	5080			125	5080	1	183	156	298	298	-7.513748	0	-5.375573	0	4.324872	0	-0.6982744	0	-6.173087	0	-4.610796	0	-6.566552	0	-7.487694	0	-8.610668	0	-7.151611	0	-7.513748	0	-0.6982744	0	3.25419	3.762655	-0.7886856	2.043499	-2.734436	-2.128399	-5.556322	-1.205879	-2.054264	-3.259631	-1.829529	-1.93216	-4.609308	-1.071196	-1.314372	-2.983568	2.451266	2.126513	-5.315797	-1.397696	1.434624	0.5108691	-3.760916	258.1644	231.7486	0	0	312.7664	237.8998	379.6215	246.05	0	0	431.2722	243.363	344.8491	325.285	0	0						
AFDES	20160317	Medit M10surpriseface Forward-6	0	MALE	test	TestImage	Emotient FACET	5120	5120			126	5120	1	184	157	296	296	-8.101744	0	-5.574314	0	4.152935	0	-0.6964406	0	-6.157859	0	-4.695945	0	-6.482168	0	-7.603948	0	-8.920282	0	-7.027063	0	-8.101744	0	-0.6964406	0	3.417446	3.940803	-0.8933494	2.131965	-2.773737	-2.183096	-5.541511	-1.235329	-1.994732	-3.294961	-1.474506	-1.612849	-4.474947	-1.013621	-1.346193	-2.862	2.184349	1.881451	-5.563795	-1.596163	1.628888	0.7313404	-3.641469	258.2762	230.9449	0	0	314.4681	238.1722	377.3928	244.5703	0	0	430.2564	243.1252	344.5264	325.579	0	0						
AFDES	20160317	Medit M10surpriseface Forward-6	0	MALE	test	TestImage	Emotient FACET	5160	5160			127	5160	1	183	156	299	299	-7.321699	0	-5.256385	0	4.314281	0	-0.6777277	0	-6.104651	0	-4.573273	0	-6.475775	0	-7.335801	0	-8.403083	0	-7.055359	0	-7.321699	0	-0.6777277	0	3.189124	3.662914	-0.7421811	1.975693	-2.719621	-2.101981	-5.513092	-1.206204	-2.068433	-3.22208	-1.936593	-2.0264	-4.570903	-1.060432	-1.280619	-2.99213	2.535393	2.198248	-5.191508	-1.348764	1.553267	0.3663714	-3.747629	258.0918	231.4178	0	0	313.5109	237.8783	379.5279	244.861	0	0	431.36	243.2449	344.0391	325.9283	0	0						
AFDES	20160317	Medit M10surpriseface Forward-6	0	MALE	test	TestImage	Emotient FACET	5200	5200			128	5200	1	183	156	298	298	-7.530267	0	-5.329223	0	4.25408	0	-0.6531968	0	-6.119622	0	-4.498705	0	-6.478684	0	-7.483627	0	-8.616988	0	-7.047535	0	-7.530267	0	-0.6531968	0	3.25058	3.752594	-0.7692092	2.051668	-2.756977	-2.122379	-5.495781	-1.150592	-2.059833	-3.262987	-1.773092	-1.852281	-4.615276	-1.029526	-1.317348	-3.006332	2.378213	2.051762	-5.333907	-1.465781	1.672373	0.5610152	-3.728523	257.8459	230.8636	0	0	313.4087	237.992	378.8197	245.3873	0	0	430.3926	243.4778	344.5687	325.8696	0	0						
AFDES	20160317	Medit M10surpriseface Forward-6	0	MALE	test	TestImage	Emotient FACET	5240	5240			129	5240	1	183	157	298	298	-7.491338	0	-5.429371	0	4.315501	0	-0.6126807	0	-6.187307	0	-4.657014	0	-6.636275	0	-7.617682	0	-8.684981	0	-7.181664	0	-7.491338	0	-0.6126807	0	3.288976	3.783501	-0.7704188	2.069978	-2.816428	-2.171114	-5.648212	-1.173617	-2.096735	-3.260005	-1.894888	-1.953965	-4.759592	-1.032066	-1.350364	-3.048368	2.463511	2.116261	-5.220593	-1.442276	1.472951	0.6476495	-3.600513	257.6813	232.0487	0	0	314.021	237.4632	378.4205	245.5398	0	0	430.1	243.5836	343.7157	326.9817	0	0						
AFDES	20160317	Medit M10surpriseface Forward-6	0	MALE	test	TestImage	Emotient FACET	5280	5280			130	5280	1	184	158	296	296	-7.122449	0	-5.327975	0	4.322276	0	-0.7089625	0	-5.821932	0	-4.268568	0	-6.350384	0	-7.417121	0	-8.42511	0	-6.612447	0	-7.122449	0	-0.7089625	0	3.222381	3.736995	-0.7774686	1.863924	-2.761458	-2.20456	-5.524413	-1.084788	-1.992826	-3.133595	-1.894402	-1.851919	-4.71942	-1.062759	-1.396154	-3.009052	2.262442	1.870965	-5.149805	-1.358535	1.434306	0.7927201	-3.577418	257.8455	232.3205	0	0	313.3105	238.5866	377.3372	246.4397	0	0	429.9079	244.1864	343.8185	326.373	0	0						
AFDES	20160317	Medit M10surpriseface Forward-6	0	MALE	test	TestImage	Emotient FACET	5320	5320			131	5320	1	189	162	289	289	-6.150058	0	-5.382952	0	3.603717	0	-1.49735	0	-4.554398	0	-3.669738	0	-4.002546	0	-5.938663	0	-6.859494	0	-4.249177	0	-6.150058	0	-1.49735	0	3.092923	3.185464	-0.6449244	0.09300369	-2.328498	-2.082787	-5.483896	-1.122051	-1.67047	-2.746961	-1.698419	-1.432077	-3.881773	-0.8565605	-1.172452	-2.564144	1.716321	1.179469	-4.805656	0.1674682	0.4819874	1.052487	-2.87807	259.9606	237.1281	0	0	314.8435	244.0236	379.8322	244.9212	0	0	429.1367	247.4657	343.4312	325.0422	0	0						
AFDES	20160317	Medit M10surpriseface Forward-6	0	MALE	test	TestImage	Emotient FACET	5360	5360			132	5360	1	188	164	289	289	-5.867754	0	-5.557794	0	3.274364	0	-1.65864	0	-5.134975	0	-3.518577	0	-4.182104	0	-6.526673	0	-7.246572	0	-5.424417	0	-5.867754	0	-1.65864	0	3.614039	3.622488	-0.6917925	-0.7789233	-2.754656	-2.39331	-5.696744	-1.01202	-1.64845	-2.903609	-2.073362	-1.871264	-4.3888	-0.7093752	-1.307858	-2.698631	2.464099	1.750875	-4.572313	1.161244	0.6819277	-0.1373846	-2.628594	258.8469	243.2535	0	0	315.27	242.5324	376.1691	246.6614	0	0	430.7178	251.0723	341.9623	326.3065	0	0						
AFDES	20160317	Medit M10surpriseface Forward-6	0	MALE	test	TestImage	Emotient FACET	5400	5400			133	5400	1	186	162	293	293	-5.238854	0	-5.177184	0	2.726246	0	-1.008055	0	-4.581094	0	-3.217718	0	-3.834345	0	-5.97703	0	-6.765138	0	-4.404806	0	-5.238854	0	-1.008055	0	3.31043	3.309047	-0.4516082	-0.8164286	-2.268594	-1.99973	-5.51757	-0.8949765	-1.662641	-2.798257	-2.045549	-1.992634	-4.125723	-0.900136	-1.35268	-2.682485	2.180419	1.37719	-4.514735	0.6931762	0.4813229	0.2622603	-3.173475	258.41	240.677	0	0	314.0067	241.7971	378.3263	246.8602	0	0	431.7296	248.7362	341.7664	326.3103	0	0						
AFDES	20160317	Medit M10surpriseface Forward-6	0	MALE	test	TestImage	Emotient FACET	5440	5440			134	5440	1	186	162	294	294	-4.989868	0	-5.068586	0	2.888986	0	-0.5492327	0	-4.573872	0	-3.247521	0	-4.019879	0	-5.965182	0	-6.735455	0	-4.287427	0	-4.989868	0	-0.5492327	0	3.091301	3.133796	-0.3059633	-0.1608187	-2.125861	-1.896318	-5.554854	-0.9096178	-1.666431	-2.765871	-1.968068	-1.987694	-4.251797	-0.8473621	-1.381301	-2.86692	2.097318	1.315705	-4.573006	0.2154697	0.09934257	1.482719	-3.245794	259.0562	238.5175	0	0	312.3327	242.8898	377.9465	247.7486	0	0	431.5978	247.2661	344.5239	326.7041	0	0						
AFDES	20160317	Medit M10surpriseface Forward-6	0	MALE	test	TestImage	Emotient FACET	5480	5480			135	5480	1	187	162	291	291	-5.449161	0	-5.06732	0	3.633226	0	-1.139005	0	-4.616648	0	-3.253149	0	-4.234548	0	-6.078689	0	-6.869996	0	-4.500496	0	-5.449161	0	-1.139005	0	2.888145	3.023424	-0.4849289	0.377772	-2.209373	-2.020466	-5.238993	-0.911702	-1.666097	-2.799182	-1.766804	-1.703606	-4.326537	-0.7293042	-1.22193	-2.766207	2.042975	1.408276	-4.763655	-0.1769232	0.1479808	0.8701692	-3.420381	259.5302	236.6903	0	0	313.5382	241.0031	378.251	248.0598	0	0	428.8683	246.3736	344.1515	326.5579	0	0						
AFDES	20160317	Medit M10surpriseface Forward-6	0	MALE	test	TestImage	Emotient FACET	5520	5520			136	5520	1	184	160	294	294	-5.067847	0	-4.724876	0	3.473517	0	-0.6873489	0	-4.388172	0	-2.96918	0	-4.174551	0	-6.022775	0	-6.839038	0	-4.432233	0	-5.067847	0	-0.6873489	0	2.810895	3.04465	-0.3825403	0.6075603	-2.316071	-1.94741	-4.983026	-0.8708435	-1.745058	-2.759453	-1.946442	-1.879568	-4.43588	-0.8318213	-1.458281	-2.989072	1.867849	1.270331	-4.720044	-0.3871551	1.156717	0.7243803	-3.434345	257.7011	233.8792	0	0	312.9622	239.7889	378.3412	248.5928	0	0	429.3531	247.7498	344.6843	326.4418	0	0						
AFDES	20160317	Medit M10surpriseface Forward-6	0	MALE	test	TestImage	Emotient FACET	5560	5560			137	5560	1	184	158	296	296	-5.499523	0	-4.977091	0	3.90958	0	-0.7313519	0	-4.687928	0	-3.407639	0	-4.823855	0	-6.477909	0	-7.303654	0	-4.907404	0	-5.499523	0	-0.7313519	0	2.855005	3.219674	-0.5498005	0.890151	-2.491257	-2.106687	-5.25553	-0.9024813	-1.798973	-2.754647	-2.078313	-1.92061	-4.390059	-0.8597478	-1.459191	-2.959143	1.993546	1.478556	-4.654423	-0.9594571	1.319034	0.676748	-3.56766	257.893	233.1583	0	0	314.3221	238.9163	379.2683	246.9294	0	0	431.2623	246.7711	344.4804	325.5233	0	0						
AFDES	20160317	Medit M10surpriseface Forward-6	0	MALE	test	TestImage	Emotient FACET	5600	5600			138	5600	1	185	158	295	295	-6.501912	0	-5.274403	0	4.0881	0	-0.7218141	0	-5.179983	0	-3.821535	0	-5.381416	0	-6.947638	0	-7.970265	0	-5.511837	0	-6.501912	0	-0.7218141	0	2.99583	3.453566	-0.7340936	1.30932	-2.614437	-2.225257	-5.415225	-0.9408079	-1.870174	-2.907575	-1.829574	-1.728117	-4.42304	-0.8764898	-1.403329	-2.85211	1.983742	1.535225	-4.949599	-1.30303	1.522939	0.7394199	-3.835742	257.8291	232.4921	0	0	315.4727	238.997	378.1215	245.9186	0	0	431.1867	245.1885	344.4138	324.1797	0	0						
AFDES	20160317	Medit M10surpriseface Forward-6	0	MALE	test	TestImage	Emotient FACET	5640	5640			139	5640	1	184	157	296	296	-6.722893	0	-5.273947	0	4.338363	0	-0.7609665	0	-5.596932	0	-4.160093	0	-5.913615	0	-7.116973	0	-8.111828	0	-6.155023	0	-6.722893	0	-0.7609665	0	3.031398	3.498667	-0.7223942	1.540222	-2.68924	-2.248729	-5.48492	-1.082234	-1.949019	-3.025957	-2.088102	-1.964563	-4.605975	-0.9573575	-1.352762	-2.966828	2.314549	1.88927	-4.978582	-1.264989	1.626273	0.6259632	-3.740599	257.9882	232.6151	0	0	314.7596	237.562	378.2059	245.7942	0	0	430.978	244.3379	344.9838	325.3809	0	0						
AFDES	20160317	Medit M10surpriseface Forward-6	0	MALE	test	TestImage	Emotient FACET	5680	5680			140	5680	1	184	157	296	296	-6.613987	0	-5.239749	0	4.217457	0	-0.5826288	0	-5.492948	0	-4.069566	0	-5.836018	0	-7.072925	0	-8.072135	0	-6.070704	0	-6.613987	0	-0.5826288	0	3.034324	3.510826	-0.6724191	1.56217	-2.665717	-2.183556	-5.476047	-1.028622	-1.944603	-3.011897	-2.049582	-1.952772	-4.630776	-0.9125382	-1.395724	-2.986047	2.234542	1.800125	-4.913518	-1.30215	1.484251	0.6048343	-3.768608	258.6031	231.6126	0	0	314.6682	237.6506	377.496	245.9714	0	0	431.1936	244.1302	345.326	326.1901	0	0						
AFDES	20160317	Medit M10surpriseface Forward-6	0	MALE	test	TestImage	Emotient FACET	5720	5720			141	5720	1	184	156	297	297	-6.970608	0	-5.190308	0	4.180106	0	-0.614266	0	-5.66259	0	-4.163645	0	-5.892661	0	-6.921328	0	-8.043197	0	-6.214113	0	-6.970608	0	-0.614266	0	3.017332	3.457608	-0.6668696	1.58912	-2.621715	-2.155441	-5.319473	-1.094618	-1.980391	-3.081676	-1.989484	-1.915034	-4.463408	-0.9712939	-1.32462	-2.916863	2.296622	1.888621	-5.049159	-1.202277	1.638226	0.3743854	-3.755996	258.2732	231.2003	0	0	314.459	237.1859	379.136	244.7466	0	0	431.175	243.0118	344.5198	324.7925	0	0						
AFDES	20160317	Medit M10surpriseface Forward-6	0	MALE	test	TestImage	Emotient FACET	5760	5760			142	5760	1	186	157	295	295	-7.36647	0	-5.412862	0	4.221822	0	-0.7609558	0	-5.67742	0	-4.323857	0	-5.845834	0	-7.2155	0	-8.399798	0	-6.149475	0	-7.36647	0	-0.7609558	0	3.129343	3.576656	-0.7964091	1.639677	-2.750005	-2.245082	-5.553173	-1.122624	-2.005275	-3.133987	-1.792929	-1.686955	-4.367191	-0.9855682	-1.366954	-2.869452	2.085075	1.679792	-5.268708	-1.409034	1.634364	0.463095	-4.04208	258.9683	232.0328	0	0	315.5231	238.1284	379.9295	243.5715	0	0	431.0033	244.3167	344.6858	323.9884	0	0						
AFDES	20160317	Medit M10surpriseface Forward-6	0	MALE	test	TestImage	Emotient FACET	5800	5800			143	5800	1	186	157	295	295	-7.274723	0	-5.441967	0	4.305492	0	-0.7765105	0	-5.705667	0	-4.389623	0	-5.958536	0	-7.267577	0	-8.386385	0	-6.243243	0	-7.274723	0	-0.7765105	0	3.149182	3.608432	-0.8105226	1.671924	-2.766397	-2.251964	-5.614559	-1.150622	-1.994954	-3.128083	-1.919459	-1.770065	-4.456609	-1.00271	-1.37433	-2.892329	2.162417	1.757087	-5.196867	-1.36893	1.516519	0.4751546	-4.094447	259.0427	231.891	0	0	315.2652	238.3477	379.8781	244.8517	0	0	431.1761	243.5372	344.8646	323.9241	0	0						
AFDES	20160317	Medit M10surpriseface Forward-6	0	MALE	test	TestImage	Emotient FACET	5840	5840			144	5840	1	185	156	296	296	-7.051842	0	-5.287524	0	4.276145	0	-0.6357464	0	-5.696541	0	-4.285136	0	-6.023038	0	-7.165733	0	-8.27893	0	-6.352096	0	-7.051842	0	-0.6357464	0	3.088024	3.552918	-0.7092988	1.71864	-2.721906	-2.182892	-5.494403	-1.107173	-1.981	-3.105805	-1.995724	-1.887543	-4.563952	-0.9759817	-1.389124	-2.972487	2.265141	1.860932	-5.094194	-1.393051	1.492941	0.5166292	-4.011042	258.4163	231.2912	0	0	315.2829	238.0899	379.8769	244.8218	0	0	431.4203	243.7599	344.9406	324.0419	0	0						
AFDES	20160317	Medit M10surpriseface Forward-6	0	MALE	test	TestImage	Emotient FACET	5880	5880			145	5880	1	185	156	296	296	-7.133829	0	-5.338803	0	4.275588	0	-0.6297984	0	-5.794019	0	-4.351411	0	-6.085687	0	-7.257276	0	-8.353545	0	-6.46123	0	-7.133829	0	-0.6297984	0	3.133032	3.596107	-0.7291375	1.770708	-2.755454	-2.187732	-5.548369	-1.139644	-2.029623	-3.143469	-1.975391	-1.912343	-4.653959	-0.9613479	-1.410458	-3.003584	2.293602	1.908326	-5.107239	-1.380739	1.492137	0.6102083	-4.022284	258.651	231.4066	0	0	315.1504	237.8046	379.7766	244.9646	0	0	431.4124	243.6926	344.7881	324.4478	0	0						
AFDES	20160317	Medit M10surpriseface Forward-6	0	MALE	test	TestImage	Emotient FACET	5920	5920			146	5920	1	185	156	296	296	-7.275207	0	-5.345474	0	4.250203	0	-0.592491	0	-5.84864	0	-4.332275	0	-6.122087	0	-7.28753	0	-8.44315	0	-6.526107	0	-7.275207	0	-0.592491	0	3.156832	3.643349	-0.7431082	1.782761	-2.739727	-2.194852	-5.526369	-1.094149	-1.997876	-3.161972	-1.891559	-1.838756	-4.601386	-0.9650509	-1.38961	-2.961872	2.274935	1.877494	-5.166017	-1.416201	1.530318	0.5651356	-4.048411	258.7393	231.0504	0	0	315.3531	237.7721	380.2188	245.1979	0	0	430.8629	243.0159	344.6861	324.5102	0	0						
AFDES	20160317	Medit M10surpriseface Forward-6	0	MALE	test	TestImage	Emotient FACET	5960	5960			147	5960	1	186	157	295	295	-7.413357	0	-5.420706	0	4.214382	0	-0.6263911	0	-5.824485	0	-4.420606	0	-6.029437	0	-7.27914	0	-8.475751	0	-6.435723	0	-7.413357	0	-0.6263911	0	3.177898	3.65082	-0.7726659	1.775079	-2.740909	-2.209397	-5.557441	-1.138818	-1.987482	-3.167318	-1.831234	-1.761281	-4.518203	-0.9790795	-1.37622	-2.9211	2.190016	1.797936	-5.249749	-1.398093	1.480752	0.5670096	-4.054164	258.6938	231.201	0	0	315.2941	237.9285	379.5779	244.9841	0	0	430.8948	243.0205	345.1378	324.0389	0	0						
AFDES	20160317	Medit M10surpriseface Forward-6	0	MALE	test	TestImage	Emotient FACET	6000	6000			148	6000	1	185	156	296	296	-7.282113	0	-5.423625	0	4.318381	0	-0.5999765	0	-5.999269	0	-4.512292	0	-6.284922	0	-7.359921	0	-8.494094	0	-6.776612	0	-7.282113	0	-0.5999765	0	3.227346	3.698251	-0.7203933	1.827175	-2.767701	-2.200639	-5.625162	-1.178315	-2.031306	-3.210728	-2.036625	-1.9845	-4.707899	-1.001776	-1.394346	-3.027955	2.463971	2.065189	-5.14899	-1.277738	1.452188	0.7216878	-3.637797	258.9416	231.7643	0	0	314.1169	237.0887	379.109	244.5932	0	0	431.1668	242.9719	344.6555	324.9787	0	0						
